last-generated=2020-08-11
statistics-initialization=
{
  "nonlinear": "1, 0",
  "numerical Jacobians": "0"
}
statistics-simulation=
{
  "linear": " ",
  "nonlinear": "1",
  "number of continuous time states": "6",
  "numerical Jacobians": "0"
}
time=[0e+00, 8.64e+04]
coo.sta_a1.T=[2.791499938964844e+02, 2.793099975585938e+02, 2.794700012207031e+02, 2.796300048828125e+02, 2.797900085449219e+02, 2.799500122070312e+02, 2.801099853515625e+02, 2.802699890136719e+02, 2.804299926757812e+02, 2.805899963378906e+02, 2.8075e+02, 2.809100036621094e+02, 2.810700073242188e+02, 2.811499938964844e+02, 2.811499938964844e+02, 2.811499938964844e+02, 2.811499938964844e+02, 2.811499938964844e+02, 2.811499938964844e+02, 2.811499938964844e+02, 2.811499938964844e+02, 2.811499938964844e+02, 2.811499938964844e+02, 2.811499938964844e+02, 2.811499938964844e+02, 2.811499938964844e+02, 2.80989990234375e+02, 2.808299865722656e+02, 2.806700134277344e+02, 2.80510009765625e+02, 2.803500061035156e+02, 2.801900024414062e+02, 2.800299987792969e+02, 2.798699951171875e+02, 2.797099914550781e+02, 2.795499877929688e+02, 2.793900146484375e+02, 2.792300109863281e+02, 2.791499938964844e+02, 2.791499938964844e+02, 2.791499938964844e+02, 2.791499938964844e+02, 2.791499938964844e+02, 2.791499938964844e+02, 2.791499938964844e+02, 2.791499938964844e+02, 2.791499938964844e+02, 2.791499938964844e+02, 2.791499938964844e+02, 2.791499938964844e+02, 2.791499938964844e+02, 2.793099975585938e+02, 2.794700012207031e+02, 2.796300048828125e+02, 2.797900085449219e+02, 2.799500122070312e+02, 2.801099853515625e+02, 2.802699890136719e+02, 2.804299926757812e+02, 2.805899963378906e+02, 2.8075e+02, 2.809100036621094e+02, 2.810700073242188e+02, 2.811499938964844e+02, 2.811499938964844e+02, 2.811499938964844e+02, 2.811499938964844e+02, 2.811499938964844e+02, 2.811499938964844e+02, 2.811499938964844e+02, 2.811499938964844e+02, 2.811499938964844e+02, 2.811499938964844e+02, 2.811499938964844e+02, 2.811499938964844e+02, 2.811499938964844e+02, 2.80989990234375e+02, 2.808299865722656e+02, 2.806700134277344e+02, 2.80510009765625e+02, 2.803500061035156e+02, 2.801900024414062e+02, 2.800299987792969e+02, 2.798699951171875e+02, 2.797099914550781e+02, 2.795499877929688e+02, 2.793900146484375e+02, 2.792300109863281e+02, 2.791499938964844e+02, 2.791499938964844e+02, 2.791499938964844e+02, 2.791499938964844e+02, 2.791499938964844e+02, 2.791499938964844e+02, 2.791499938964844e+02, 2.791499938964844e+02, 2.791499938964844e+02, 2.791499938964844e+02, 2.791499938964844e+02, 2.791499938964844e+02, 2.791499938964844e+02]
coo.sta_b1.T=[2.791499938964844e+02, 2.791500549316406e+02, 2.79150146484375e+02, 2.791502990722656e+02, 2.791505126953125e+02, 2.814227600097656e+02, 2.850371398925781e+02, 2.880067443847656e+02, 2.902444763183594e+02, 2.918867797851562e+02, 2.930665893554688e+02, 2.938897399902344e+02, 2.944391174316406e+02, 2.947303161621094e+02, 2.947538452148438e+02, 2.946575012207031e+02, 2.944767150878906e+02, 2.942368469238281e+02, 2.939579162597656e+02, 2.936555786132812e+02, 2.933421936035156e+02, 2.930272521972656e+02, 2.927181396484375e+02, 2.924205017089844e+02, 2.92138427734375e+02, 2.918748168945312e+02, 2.943304443359375e+02, 2.942401428222656e+02, 2.941385192871094e+02, 2.940294494628906e+02, 2.939123840332031e+02, 2.937866821289062e+02, 2.936516723632812e+02, 2.93506591796875e+02, 2.933507690429688e+02, 2.93183349609375e+02, 2.930035705566406e+02, 2.928105773925781e+02, 2.926510925292969e+02, 2.925843200683594e+02, 2.925049743652344e+02, 2.9240869140625e+02, 2.922944030761719e+02, 2.921609802246094e+02, 2.920072937011719e+02, 2.918320922851562e+02, 2.916341857910156e+02, 2.914122619628906e+02, 2.911650390625e+02, 2.908910522460938e+02, 2.905888671875e+02, 2.914715881347656e+02, 2.924716186523438e+02, 2.9307763671875e+02, 2.933694763183594e+02, 2.934299011230469e+02, 2.933258056640625e+02, 2.93110595703125e+02, 2.928270874023438e+02, 2.925096740722656e+02, 2.921856994628906e+02, 2.918772888183594e+02, 2.916018981933594e+02, 2.913029479980469e+02, 2.90968017578125e+02, 2.906950378417969e+02, 2.904872436523438e+02, 2.903451538085938e+02, 2.90266845703125e+02, 2.9024853515625e+02, 2.902850646972656e+02, 2.903706359863281e+02, 2.904989929199219e+02, 2.906641235351562e+02, 2.908602294921875e+02, 2.910821838378906e+02, 2.908517456054688e+02, 2.906065673828125e+02, 2.903650207519531e+02, 2.901273498535156e+02, 2.898938293457031e+02, 2.896648254394531e+02, 2.894405822753906e+02, 2.892214660644531e+02, 2.890077514648438e+02, 2.887998352050781e+02, 2.885980834960938e+02, 2.884027709960938e+02, 2.882874755859375e+02, 2.882660827636719e+02, 2.88252197265625e+02, 2.882461547851562e+02, 2.882482604980469e+02, 2.882588195800781e+02, 2.882781066894531e+02, 2.883063659667969e+02, 2.883438110351562e+02, 2.88390625e+02, 2.884469299316406e+02, 2.885127868652344e+02, 2.885882873535156e+02]
coo.sta_a2.T=[2.791499938964844e+02, 2.791500549316406e+02, 2.79150146484375e+02, 2.791502990722656e+02, 2.791505126953125e+02, 2.814227600097656e+02, 2.850371398925781e+02, 2.880067443847656e+02, 2.902444763183594e+02, 2.918867797851562e+02, 2.930665893554688e+02, 2.938897399902344e+02, 2.944391174316406e+02, 2.947303161621094e+02, 2.947538452148438e+02, 2.946575012207031e+02, 2.944767150878906e+02, 2.942368469238281e+02, 2.939579162597656e+02, 2.936555786132812e+02, 2.933421936035156e+02, 2.930272521972656e+02, 2.927181396484375e+02, 2.924205017089844e+02, 2.92138427734375e+02, 2.918748168945312e+02, 2.943304443359375e+02, 2.942401428222656e+02, 2.941385192871094e+02, 2.940294494628906e+02, 2.939123840332031e+02, 2.937866821289062e+02, 2.936516723632812e+02, 2.93506591796875e+02, 2.933507690429688e+02, 2.93183349609375e+02, 2.930035705566406e+02, 2.928105773925781e+02, 2.926510925292969e+02, 2.925843200683594e+02, 2.925049743652344e+02, 2.9240869140625e+02, 2.922944030761719e+02, 2.921609802246094e+02, 2.920072937011719e+02, 2.918320922851562e+02, 2.916341857910156e+02, 2.914122619628906e+02, 2.911650390625e+02, 2.908910522460938e+02, 2.905888671875e+02, 2.914715881347656e+02, 2.924716186523438e+02, 2.9307763671875e+02, 2.933694763183594e+02, 2.934299011230469e+02, 2.933258056640625e+02, 2.93110595703125e+02, 2.928270874023438e+02, 2.925096740722656e+02, 2.921856994628906e+02, 2.918772888183594e+02, 2.916018981933594e+02, 2.913029479980469e+02, 2.90968017578125e+02, 2.906950378417969e+02, 2.904872436523438e+02, 2.903451538085938e+02, 2.90266845703125e+02, 2.9024853515625e+02, 2.902850646972656e+02, 2.903706359863281e+02, 2.904989929199219e+02, 2.906641235351562e+02, 2.908602294921875e+02, 2.910821838378906e+02, 2.908517456054688e+02, 2.906065673828125e+02, 2.903650207519531e+02, 2.901273498535156e+02, 2.898938293457031e+02, 2.896648254394531e+02, 2.894405822753906e+02, 2.892214660644531e+02, 2.890077514648438e+02, 2.887998352050781e+02, 2.885980834960938e+02, 2.884027709960938e+02, 2.882874755859375e+02, 2.882660827636719e+02, 2.88252197265625e+02, 2.882461547851562e+02, 2.882482604980469e+02, 2.882588195800781e+02, 2.882781066894531e+02, 2.883063659667969e+02, 2.883438110351562e+02, 2.88390625e+02, 2.884469299316406e+02, 2.885127868652344e+02, 2.885882873535156e+02]
coo.sta_b2.T=[2.791499938964844e+02, 2.793099975585938e+02, 2.794700012207031e+02, 2.796300048828125e+02, 2.797900085449219e+02, 2.799500122070312e+02, 2.801099853515625e+02, 2.802699890136719e+02, 2.804299926757812e+02, 2.805899963378906e+02, 2.8075e+02, 2.809100036621094e+02, 2.810700073242188e+02, 2.811499938964844e+02, 2.811499938964844e+02, 2.811499938964844e+02, 2.811499938964844e+02, 2.811499938964844e+02, 2.811499938964844e+02, 2.811499938964844e+02, 2.811499938964844e+02, 2.811499938964844e+02, 2.811499938964844e+02, 2.811499938964844e+02, 2.811499938964844e+02, 2.811499938964844e+02, 2.80989990234375e+02, 2.808299865722656e+02, 2.806700134277344e+02, 2.80510009765625e+02, 2.803500061035156e+02, 2.801900024414062e+02, 2.800299987792969e+02, 2.798699951171875e+02, 2.797099914550781e+02, 2.795499877929688e+02, 2.793900146484375e+02, 2.792300109863281e+02, 2.791499938964844e+02, 2.791499938964844e+02, 2.791499938964844e+02, 2.791499938964844e+02, 2.791499938964844e+02, 2.791499938964844e+02, 2.791499938964844e+02, 2.791499938964844e+02, 2.791499938964844e+02, 2.791499938964844e+02, 2.791499938964844e+02, 2.791499938964844e+02, 2.791499938964844e+02, 2.793099975585938e+02, 2.794700012207031e+02, 2.796300048828125e+02, 2.797900085449219e+02, 2.799500122070312e+02, 2.801099853515625e+02, 2.802699890136719e+02, 2.804299926757812e+02, 2.805899963378906e+02, 2.8075e+02, 2.809100036621094e+02, 2.810700073242188e+02, 2.811499938964844e+02, 2.811499938964844e+02, 2.811499938964844e+02, 2.811499938964844e+02, 2.811499938964844e+02, 2.811499938964844e+02, 2.811499938964844e+02, 2.811499938964844e+02, 2.811499938964844e+02, 2.811499938964844e+02, 2.811499938964844e+02, 2.811499938964844e+02, 2.811499938964844e+02, 2.80989990234375e+02, 2.808299865722656e+02, 2.806700134277344e+02, 2.80510009765625e+02, 2.803500061035156e+02, 2.801900024414062e+02, 2.800299987792969e+02, 2.798699951171875e+02, 2.797099914550781e+02, 2.795499877929688e+02, 2.793900146484375e+02, 2.792300109863281e+02, 2.791499938964844e+02, 2.791499938964844e+02, 2.791499938964844e+02, 2.791499938964844e+02, 2.791499938964844e+02, 2.791499938964844e+02, 2.791499938964844e+02, 2.791499938964844e+02, 2.791499938964844e+02, 2.791499938964844e+02, 2.791499938964844e+02, 2.791499938964844e+02, 2.791499938964844e+02]
coo.senMasFlo.m_flow=[3.606427192687988e+00, 5.311232234816998e-05, 5.311232234816998e-05, 5.311232234816998e-05, 5.311232234816998e-05, 2.775508165359497e-01, 3.121933937072754e-01, 3.503974676132203e-01, 3.924085199832916e-01, 4.384676516056061e-01, 4.888059496879578e-01, 5.436381697654724e-01, 6.031547784805298e-01, 6.675131916999817e-01, 7.368277907371522e-01, 8.111588954925537e-01, 8.905017375946045e-01, 9.747756719589236e-01, 1.063814043998718e+00, 1.157357215881348e+00, 1.255048155784607e+00, 1.356425404548645e+00, 1.460921287536621e+00, 1.567872881889343e+00, 1.676534414291382e+00, 1.786095976829529e+00, 8.749446868896484e-01, 8.493734002113342e-01, 8.244709372520446e-01, 8.002265691757202e-01, 7.766292691230774e-01, 7.536673545837402e-01, 7.313291430473328e-01, 7.096023559570312e-01, 6.884748935699462e-01, 6.679341197013856e-01, 6.479675769805908e-01, 6.285625696182251e-01, 6.097064614295959e-01, 5.913865566253662e-01, 5.735902190208435e-01, 5.56304931640625e-01, 5.395181179046631e-01, 5.23217499256134e-01, 5.073906779289246e-01, 4.920256435871124e-01, 4.771103858947754e-01, 4.626331627368927e-01, 4.485823512077332e-01, 4.349465370178223e-01, 4.217145144939423e-01, 4.817976057529449e-01, 5.503870844841003e-01, 6.282593011856079e-01, 7.164345383644104e-01, 8.159307837486276e-01, 9.277014136314402e-01, 1.052548170089721e+00, 1.191006064414978e+00, 1.34320068359375e+00, 1.508651614189148e+00, 1.686088800430298e+00, 1.873307228088379e+00, 2.0671067237854e+00, 2.263379096984863e+00, 2.457381963729858e+00, 2.644188165664673e+00, 2.819233894348145e+00, 2.978839159011842e+00, 3.120566129684447e+00, 3.24334168434143e+00, 3.347344398498535e+00, 3.433727264404297e+00, 3.504276514053345e+00, 3.561087131500244e+00, 3.606307744979858e+00, 3.590334415435791e+00, 3.572672367095947e+00, 3.553370475769043e+00, 3.532308101654053e+00, 3.509362936019897e+00, 3.484411001205444e+00, 3.457329034805298e+00, 3.427996635437012e+00, 3.396296977996826e+00, 3.362121343612671e+00, 3.325370073318481e+00, 3.285956144332886e+00, 3.243808031082153e+00, 3.198873043060303e+00, 3.151119709014893e+00, 3.10054087638855e+00, 3.047156095504761e+00, 2.991013526916504e+00, 2.932191371917725e+00, 2.870798110961914e+00, 2.806972980499268e+00, 2.740884304046631e+00, 2.672728300094604e+00, 2.602725982666016e+00, 2.531119585037231e+00]
val.y=[0e+00, 0e+00, 0e+00, 0e+00, 0e+00, 2.55999993532896e-02, 5.585066601634026e-02, 8.558933436870578e-02, 1.148160025477409e-01, 1.435306668281555e-01, 1.717333346605301e-01, 1.994239985942841e-01, 2.266026735305786e-01, 2.532693445682526e-01, 2.79424011707306e-01, 3.050666749477386e-01, 3.301973342895508e-01, 3.548159897327424e-01, 3.789226710796356e-01, 4.025173187255859e-01, 4.25599992275238e-01, 4.481706619262695e-01, 4.702293276786804e-01, 4.917759895324707e-01, 5.128106474876404e-01, 5.333333611488342e-01, 3.253333270549774e-01, 3.173333406448364e-01, 3.09333324432373e-01, 3.013333380222321e-01, 2.933333218097687e-01, 2.853333353996277e-01, 2.773333191871643e-01, 2.693333327770233e-01, 2.613333463668823e-01, 2.53333330154419e-01, 2.453333288431168e-01, 2.373333275318146e-01, 2.293333262205124e-01, 2.213333398103714e-01, 2.133333384990692e-01, 2.05333337187767e-01, 1.973333358764648e-01, 1.893333345651627e-01, 1.813333332538605e-01, 1.733333319425583e-01, 1.653333306312561e-01, 1.573333293199539e-01, 1.493333280086517e-01, 1.413333266973495e-01, 1.333333402872086e-01, 1.679999977350235e-01, 2.026666700839996e-01, 2.373333275318146e-01, 2.720000147819519e-01, 3.066666722297671e-01, 3.413333296775821e-01, 3.759999871253965e-01, 4.106666743755341e-01, 4.45333331823349e-01, 4.799999892711639e-01, 5.146666765213013e-01, 5.493333339691162e-01, 5.839999914169312e-01, 6.186666488647461e-01, 6.53333306312561e-01, 6.880000233650208e-01, 7.226666808128357e-01, 7.57333338260651e-01, 7.919999957084652e-01, 8.266666531562802e-01, 8.613333106040955e-01, 8.960000276565552e-01, 9.306666851043701e-01, 9.653333425521851e-01, 1e+00, 9.866666793823242e-01, 9.733333587646484e-01, 9.599999785423279e-01, 9.466666579246521e-01, 9.333333373069763e-01, 9.200000166893005e-01, 9.066666960716248e-01, 8.933333158493042e-01, 8.799999952316284e-01, 8.666666746139526e-01, 8.533333539962769e-01, 8.399999737739563e-01, 8.266666531562805e-01, 8.133333325386047e-01, 8.00000011920929e-01, 7.866666913032532e-01, 7.733333110809326e-01, 7.599999904632568e-01, 7.466666698455811e-01, 7.333333492279053e-01, 7.200000286102295e-01, 7.066666483879089e-01, 6.933333277702332e-01, 6.800000071525574e-01, 6.666666865348816e-01]
coo.Q_flow=[0e+00, -9.084626217372715e-04, -1.794118084944785e-03, -2.726466627791524e-03, -3.705382347106934e-03, 1.642429809570312e+03, 6.37398046875e+03, 1.129553613281251e+04, 1.60797431640625e+04, 2.0700638671875e+04, 2.517343359375e+04, 2.9513509765625e+04, 3.373296484375e+04, 3.792603515625e+04, 4.193998046875001e+04, 4.584574609375e+04, 4.965760546875e+04, 5.337932031250001e+04, 5.70136484375e+04, 6.05628125e+04, 6.40287109375e+04, 6.74127421875e+04, 7.0716046875e+04, 7.39399609375e+04, 7.70849609375e+04, 8.01516953125e+04, 4.883441796875e+04, 4.76555e+04, 4.645980859374999e+04, 4.526418359375e+04, 4.406906640625e+04, 4.287447265625e+04, 4.16802890625e+04, 4.0486546875e+04, 3.929337109374999e+04, 3.810051562500001e+04, 3.690823828125e+04, 3.571640625e+04, 3.44428359375e+04, 3.324270703125e+04, 3.2052298828125e+04, 3.0862689453125e+04, 2.9673837890625e+04, 2.8485642578125e+04, 2.729818359375e+04, 2.6111396484375e+04, 2.4925349609375e+04, 2.374006640625e+04, 2.255564453125e+04, 2.1372076171875e+04, 2.0189455078125e+04, 2.44960625e+04, 2.9928056640625e+04, 3.534364453125e+04, 4.07052578125e+04, 4.602206250000004e+04, 5.130348828125004e+04, 5.655619531249996e+04, 6.17858125e+04, 6.6997328125e+04, 7.21936796875e+04, 7.73786484375e+04, 8.25560703125e+04, 8.78176015625e+04, 9.29821875e+04, 9.8143859375e+04, 1.033040625e+05, 1.0846515625e+05, 1.136285e+05, 1.187941953125e+05, 1.239628359375e+05, 1.29135390625e+05, 1.34311578125e+05, 1.39491359375e+05, 1.446745e+05, 1.498603125e+05, 1.4814453125e+05, 1.46142484375e+05, 1.4414025e+05, 1.42137828125e+05, 1.40135265625e+05, 1.38132515625e+05, 1.36129609375e+05, 1.34126625e+05, 1.32123234375e+05, 1.301195859375e+05, 1.28115953125e+05, 1.261118828125e+05, 1.240149765625e+05, 1.220106171875e+05, 1.200061328125e+05, 1.18001296875e+05, 1.15996265625e+05, 1.139910859375e+05, 1.119857421875e+05, 1.0998034375e+05, 1.079747578125e+05, 1.059690859375e+05, 1.039634140625e+05, 1.019576484375e+05, 9.9951984375e+04]
