last-generated=2019-04-10
statistics-simulation=
{
  "linear": " ",
  "nonlinear": " ",
  "number of continuous time states": "27",
  "numerical Jacobians": "0"
}
tan.vol[1].T=[2.931499938964844e+02, 2.931499938964844e+02, 2.931499938964844e+02, 2.931499938964844e+02, 2.931499938964844e+02, 2.931499938964844e+02, 2.931499938964844e+02, 2.931499938964844e+02, 2.931499938964844e+02, 2.931499938964844e+02, 2.931499938964844e+02, 2.931500244140625e+02, 2.931500244140625e+02, 2.931500244140625e+02, 2.931500244140625e+02, 2.931500244140625e+02, 2.931500244140625e+02, 2.931500244140625e+02, 2.931500549316406e+02, 2.931500549316406e+02, 2.931500549316406e+02, 2.931500549316406e+02, 2.931500854492188e+02, 2.931500854492188e+02, 2.931500854492188e+02, 2.931500854492188e+02, 2.931500854492188e+02, 2.931501159667969e+02, 2.931501159667969e+02, 2.931501159667969e+02, 2.931501159667969e+02, 2.931501159667969e+02, 2.931501159667969e+02, 2.931500244140625e+02, 2.931498718261719e+02, 2.93149658203125e+02, 2.931493835449219e+02, 2.93149169921875e+02, 2.931886596679688e+02, 2.933292541503906e+02, 2.935435180664062e+02, 2.938210144042969e+02, 2.941562194824219e+02, 2.945421142578125e+02, 2.949710388183594e+02, 2.9543359375e+02, 2.959140930175781e+02, 2.963996276855469e+02, 2.968883361816406e+02, 2.973807678222656e+02, 2.978784790039062e+02, 2.983815612792969e+02, 2.988893127441406e+02, 2.994008483886719e+02, 2.999152526855469e+02, 3.004314270019531e+02, 3.00947998046875e+02, 3.014633483886719e+02, 3.019784545898438e+02, 3.024973449707031e+02, 3.030211486816406e+02, 3.035452880859375e+02, 3.040565795898438e+02, 3.0453515625e+02, 3.049576416015625e+02, 3.053113708496094e+02, 3.055880126953125e+02, 3.057605590820312e+02, 3.05796875e+02, 3.057900085449219e+02, 3.057829895019531e+02, 3.057759399414062e+02, 3.057688598632812e+02, 3.0576171875e+02, 3.057545166015625e+02, 3.057472839355469e+02, 3.05739990234375e+02, 3.05732666015625e+02, 3.057252807617188e+02, 3.057178649902344e+02, 3.057103881835938e+02, 3.05702880859375e+02, 3.056953430175781e+02, 3.05687744140625e+02, 3.056800842285156e+02, 3.056723937988281e+02, 3.056646728515625e+02, 3.056568908691406e+02, 3.056490783691406e+02, 3.056412353515625e+02, 3.056333312988281e+02, 3.056253662109375e+02, 3.056174011230469e+02, 3.05609375e+02, 3.056012878417969e+02, 3.055932006835938e+02, 3.055850524902344e+02, 3.055768432617188e+02, 3.055686340332031e+02, 3.055603637695312e+02, 3.055520629882812e+02]
solCol.vol[9].T=[2.931499938964844e+02, 2.900629272460938e+02, 2.877203979492188e+02, 2.859428100585938e+02, 2.845939331054688e+02, 2.835704040527344e+02, 2.827937316894531e+02, 2.822043762207031e+02, 2.817571411132812e+02, 2.814163513183594e+02, 2.8114208984375e+02, 2.809026794433594e+02, 2.806832885742188e+02, 2.804817199707031e+02, 2.802967529296875e+02, 2.801225891113281e+02, 2.79954833984375e+02, 2.797897644042969e+02, 2.796004638671875e+02, 2.793493041992188e+02, 2.79038330078125e+02, 2.787031860351562e+02, 2.783942565917969e+02, 2.781409301757812e+02, 2.779561157226562e+02, 2.778418273925781e+02, 2.778038330078125e+02, 2.778733520507812e+02, 2.780486755371094e+02, 2.782904052734375e+02, 2.785446166992188e+02, 2.788085021972656e+02, 2.792799072265625e+02, 2.805811157226562e+02, 2.82998779296875e+02, 2.868712463378906e+02, 2.920775756835938e+02, 2.980098266601562e+02, 3.03589599609375e+02, 3.08435791015625e+02, 3.129096984863281e+02, 3.171404113769531e+02, 3.208422241210938e+02, 3.240729675292969e+02, 3.267769165039062e+02, 3.288564147949219e+02, 3.297224731445312e+02, 3.303882446289062e+02, 3.310035400390625e+02, 3.317334289550781e+02, 3.325076904296875e+02, 3.332606201171875e+02, 3.339701843261719e+02, 3.346298217773438e+02, 3.352356872558594e+02, 3.357750244140625e+02, 3.36225830078125e+02, 3.366111145019531e+02, 3.371979064941406e+02, 3.379723510742188e+02, 3.3866796875e+02, 3.388764953613281e+02, 3.380661926269531e+02, 3.360181579589844e+02, 3.32527099609375e+02, 3.286830444335938e+02, 3.234218444824219e+02, 3.158678894042969e+02, 3.097595825195312e+02, 3.041597900390626e+02, 2.995116271972657e+02, 2.95852294921875e+02, 2.93045654296875e+02, 2.909200134277344e+02, 2.893177490234375e+02, 2.881024169921875e+02, 2.871592712402344e+02, 2.864138793945312e+02, 2.858168334960938e+02, 2.853345642089844e+02, 2.84947265625e+02, 2.846505737304688e+02, 2.844338684082031e+02, 2.842749938964844e+02, 2.841395568847656e+02, 2.839613952636719e+02, 2.837033081054688e+02, 2.833840637207031e+02, 2.830653686523438e+02, 2.828302001953125e+02, 2.827128601074219e+02, 2.826815490722656e+02, 2.826543579101562e+02, 2.825597839355469e+02, 2.823929443359375e+02, 2.821659851074219e+02, 2.81899658203125e+02, 2.81616943359375e+02, 2.813312377929688e+02, 2.810517272949219e+02, 2.807852478027344e+02]
TIn.T=[2.931499938964844e+02, 2.931499938964844e+02, 2.931499938964844e+02, 2.931499938964844e+02, 2.931499938964844e+02, 2.931499938964844e+02, 2.931499938964844e+02, 2.931499938964844e+02, 2.931499938964844e+02, 2.931499938964844e+02, 2.931499938964844e+02, 2.931499938964844e+02, 2.931499938964844e+02, 2.931499938964844e+02, 2.931499938964844e+02, 2.931499938964844e+02, 2.931499938964844e+02, 2.931499938964844e+02, 2.931499938964844e+02, 2.931499938964844e+02, 2.931499938964844e+02, 2.931499938964844e+02, 2.931499938964844e+02, 2.931499938964844e+02, 2.931499938964844e+02, 2.931499938964844e+02, 2.931499938964844e+02, 2.931499938964844e+02, 2.931499938964844e+02, 2.931499938964844e+02, 2.931499938964844e+02, 2.931499938964844e+02, 2.798333129882812e+02, 2.810742492675781e+02, 2.833781433105469e+02, 2.870762329101562e+02, 2.920607604980469e+02, 2.963360290527344e+02, 2.996604309082031e+02, 3.023855895996094e+02, 3.048115234375e+02, 3.070541381835938e+02, 3.089963073730469e+02, 3.106915588378906e+02, 3.121312866210938e+02, 3.132836608886719e+02, 3.138926391601562e+02, 3.144102783203125e+02, 3.149063720703125e+02, 3.154548950195312e+02, 3.160255737304688e+02, 3.165891418457031e+02, 3.171357421875e+02, 3.176623229980469e+02, 3.181670837402344e+02, 3.186442260742188e+02, 3.190838928222656e+02, 3.19494873046875e+02, 3.199921569824219e+02, 3.205725402832031e+02, 3.211225891113281e+02, 3.214675598144531e+02, 3.213738098144531e+02, 3.207277526855469e+02, 3.193938903808594e+02, 3.178184509277344e+02, 3.154703674316406e+02, 3.117442626953125e+02, 3.094641418457031e+02, 3.094641418457031e+02, 3.094641418457031e+02, 3.094641418457031e+02, 3.094641418457031e+02, 3.094641418457031e+02, 3.094641418457031e+02, 3.094641418457031e+02, 3.094641418457031e+02, 3.094641418457031e+02, 3.094641418457031e+02, 3.094641418457031e+02, 3.094641418457031e+02, 3.094641418457031e+02, 3.094641418457031e+02, 3.094641418457031e+02, 3.094641418457031e+02, 3.094641418457031e+02, 3.094641418457031e+02, 3.094641418457031e+02, 3.094641418457031e+02, 3.094641418457031e+02, 3.094641418457031e+02, 3.094641418457031e+02, 3.094641418457031e+02, 3.094641418457031e+02, 3.094641418457031e+02, 3.094641418457031e+02, 3.094641418457031e+02, 3.094641418457031e+02, 3.094641418457031e+02, 3.094641418457031e+02, 3.094641418457031e+02]
time=[0e+00, 8.64e+04]
pumCon.y=[0e+00, 0e+00, 0e+00, 0e+00, 0e+00, 0e+00, 0e+00, 0e+00, 0e+00, 0e+00, 0e+00, 0e+00, 0e+00, 0e+00, 0e+00, 0e+00, 0e+00, 0e+00, 0e+00, 0e+00, 0e+00, 0e+00, 0e+00, 0e+00, 0e+00, 0e+00, 0e+00, 0e+00, 0e+00, 0e+00, 0e+00, 0e+00, 1e+00, 1e+00, 1e+00, 1e+00, 1e+00, 1e+00, 1e+00, 1e+00, 1e+00, 1e+00, 1e+00, 1e+00, 1e+00, 1e+00, 1e+00, 1e+00, 1e+00, 1e+00, 1e+00, 1e+00, 1e+00, 1e+00, 1e+00, 1e+00, 1e+00, 1e+00, 1e+00, 1e+00, 1e+00, 1e+00, 1e+00, 1e+00, 1e+00, 1e+00, 1e+00, 1e+00, 0e+00, 0e+00, 0e+00, 0e+00, 0e+00, 0e+00, 0e+00, 0e+00, 0e+00, 0e+00, 0e+00, 0e+00, 0e+00, 0e+00, 0e+00, 0e+00, 0e+00, 0e+00, 0e+00, 0e+00, 0e+00, 0e+00, 0e+00, 0e+00, 0e+00, 0e+00, 0e+00, 0e+00, 0e+00, 0e+00, 0e+00, 0e+00, 0e+00]
