last-generated=2019-04-10
statistics-initialization=
{
  "nonlinear": "1",
  "numerical Jacobians": "0"
}
statistics-simulation=
{
  "linear": " ",
  "nonlinear": "1, 1",
  "number of continuous time states": "4",
  "numerical Jacobians": "0"
}
tow.sta_b.T=[2.931499938964844e+02, 2.911367797851562e+02, 2.911441955566406e+02, 2.911436157226562e+02, 2.911373596191406e+02, 2.91361572265625e+02, 2.911438293457031e+02, 2.91141845703125e+02, 2.911346740722656e+02, 2.911448059082031e+02, 2.9114404296875e+02, 2.911397705078125e+02, 2.91799560546875e+02, 2.911487731933594e+02, 2.922366027832031e+02, 2.923259582519531e+02, 2.924823608398438e+02, 2.9266796875e+02, 2.928896179199219e+02, 2.93113525390625e+02, 2.933251647949219e+02, 2.935416259765625e+02, 2.937569885253906e+02, 2.939384765625e+02, 2.9396826171875e+02, 2.9394482421875e+02, 2.943800048828125e+02, 2.952019348144531e+02, 2.957302856445312e+02, 2.958129272460938e+02, 2.955185852050781e+02, 2.949978942871094e+02, 2.946482238769531e+02, 2.943649597167969e+02, 2.940411682128906e+02, 2.937125549316406e+02, 2.935293579101562e+02, 2.934105529785156e+02, 2.932864990234375e+02, 2.931004028320312e+02, 2.928792114257812e+02, 2.922225646972656e+02, 2.916341552734375e+02, 2.913794860839844e+02, 2.914715576171875e+02, 2.919277648925781e+02, 2.913767700195312e+02, 2.917908325195312e+02, 2.911420593261719e+02, 2.911374206542969e+02, 2.91313232421875e+02, 2.911432189941406e+02, 2.911415710449219e+02, 2.911352844238281e+02, 2.911438598632812e+02, 2.911441650390625e+02, 2.911405944824219e+02, 2.911353454589844e+02, 2.9114501953125e+02, 2.91144775390625e+02, 2.911398010253906e+02, 2.91352783203125e+02, 2.911458740234375e+02, 2.911423950195312e+02, 2.911358337402344e+02, 2.911458129882812e+02, 2.911450500488281e+02, 2.911392822265625e+02, 2.912436828613281e+02, 2.911453552246094e+02, 2.911416931152344e+02, 2.911717529296875e+02, 2.911438903808594e+02, 2.911431579589844e+02, 2.911365051269531e+02, 2.915249938964844e+02, 2.9114404296875e+02, 2.911398010253906e+02, 2.912394409179688e+02, 2.911441650390625e+02, 2.911423950195312e+02, 2.911355590820312e+02, 2.911443786621094e+02, 2.911438293457031e+02, 2.911385498046875e+02, 2.91253173828125e+02, 2.911437683105469e+02, 2.911417541503906e+02, 2.911355285644531e+02, 2.911443786621094e+02, 2.911441650390625e+02, 2.911406555175781e+02, 2.911360473632812e+02, 2.911448059082031e+02, 2.91143310546875e+02, 2.911375122070312e+02, 2.911449584960938e+02, 2.911450500488281e+02, 2.911415710449219e+02, 2.9113525390625e+02, 2.911451416015625e+02]
tow.sta_a.T=[2.931499938964844e+02, 2.951913452148438e+02, 2.911441955566406e+02, 2.94205078125e+02, 2.947772521972656e+02, 2.958843994140625e+02, 2.911438293457031e+02, 2.944363403320312e+02, 2.952129211425781e+02, 2.911448059082031e+02, 2.9420556640625e+02, 2.947776184082031e+02, 2.959346008300781e+02, 2.941593017578125e+02, 2.953106079101562e+02, 2.94895263671875e+02, 2.949266967773438e+02, 2.950790405273438e+02, 2.952769470214844e+02, 2.954985961914062e+02, 2.957146911621094e+02, 2.959292602539062e+02, 2.961463623046875e+02, 2.963475646972656e+02, 2.964605712890625e+02, 2.9645556640625e+02, 2.966421203613281e+02, 2.972796020507812e+02, 2.979470520019531e+02, 2.982585144042969e+02, 2.981866149902344e+02, 2.977825622558594e+02, 2.973652648925781e+02, 2.970481262207031e+02, 2.967423095703125e+02, 2.964083557128906e+02, 2.961526184082031e+02, 2.959971923828125e+02, 2.958743591308594e+02, 2.95716552734375e+02, 2.955269165039062e+02, 2.951007690429688e+02, 2.944534912109375e+02, 2.913794860839844e+02, 2.946280822753906e+02, 2.961192626953125e+02, 2.945175170898438e+02, 2.956992492675781e+02, 2.911420593261719e+02, 2.945921936035156e+02, 2.955697937011719e+02, 2.911432189941406e+02, 2.943297119140625e+02, 2.949872741699219e+02, 2.911438598632812e+02, 2.911441650390625e+02, 2.945667114257812e+02, 2.954565734863281e+02, 2.9114501953125e+02, 2.942808227539062e+02, 2.948922119140625e+02, 2.960896911621094e+02, 2.911458740234375e+02, 2.945063781738281e+02, 2.953407287597656e+02, 2.911458129882812e+02, 2.942421875e+02, 2.948154907226562e+02, 2.959486389160156e+02, 2.911453552246094e+02, 2.944622497558594e+02, 2.953114624023438e+02, 2.911438903808594e+02, 2.942513122558594e+02, 2.948744201660156e+02, 2.960569458007812e+02, 2.9114404296875e+02, 2.945513305664062e+02, 2.954839477539062e+02, 2.911441650390625e+02, 2.943126220703125e+02, 2.949998779296875e+02, 2.911443786621094e+02, 2.911438293457031e+02, 2.946410522460938e+02, 2.956384582519531e+02, 2.911437683105469e+02, 2.943484802246094e+02, 2.95026611328125e+02, 2.911443786621094e+02, 2.911441650390625e+02, 2.945939025878906e+02, 2.9551318359375e+02, 2.911448059082031e+02, 2.942995300292969e+02, 2.9492919921875e+02, 2.911449584960938e+02, 2.911450500488281e+02, 2.945293579101562e+02, 2.953852844238281e+02, 2.911451416015625e+02]
tow.TAir=[2.853654479980469e+02, 2.853654479980469e+02, 2.853654479980469e+02, 2.853654479980469e+02, 2.853654479980469e+02, 2.851503295898438e+02, 2.848058471679688e+02, 2.848691711425781e+02, 2.850024719238281e+02, 2.851405334472656e+02, 2.852371826171875e+02, 2.855429382324219e+02, 2.862892761230469e+02, 2.8682373046875e+02, 2.882476806640625e+02, 2.889720153808594e+02, 2.89306884765625e+02, 2.895625915527344e+02, 2.898523254394531e+02, 2.901139221191406e+02, 2.903575744628906e+02, 2.906117858886719e+02, 2.908591613769531e+02, 2.910467834472656e+02, 2.909876098632812e+02, 2.909403686523438e+02, 2.917225036621094e+02, 2.928408813476562e+02, 2.932917785644531e+02, 2.93159423828125e+02, 2.925950927734375e+02, 2.918716430664062e+02, 2.915364685058594e+02, 2.912424926757812e+02, 2.908397521972656e+02, 2.904599914550781e+02, 2.903280029296875e+02, 2.902281494140625e+02, 2.900801086425781e+02, 2.898287658691406e+02, 2.895267333984375e+02, 2.88453857421875e+02, 2.878220520019531e+02, 2.87405029296875e+02, 2.871863098144531e+02, 2.872527465820312e+02, 2.87086181640625e+02, 2.86577880859375e+02, 2.861277770996094e+02, 2.858000793457031e+02, 2.854686279296875e+02, 2.851398620605469e+02, 2.84796630859375e+02, 2.844144592285156e+02, 2.840144653320312e+02, 2.835951232910156e+02, 2.831419067382812e+02, 2.826533508300781e+02, 2.822403869628906e+02, 2.822434387207031e+02, 2.824570922851562e+02, 2.827122497558594e+02, 2.829748840332031e+02, 2.831925964355469e+02, 2.833137817382812e+02, 2.835616455078125e+02, 2.839435424804688e+02, 2.843048706054688e+02, 2.846378479003906e+02, 2.849430236816406e+02, 2.8517578125e+02, 2.85452880859375e+02, 2.854590454101562e+02, 2.853726196289062e+02, 2.853988647460938e+02, 2.854185180664062e+02, 2.853961791992188e+02, 2.853795471191406e+02, 2.853905639648438e+02, 2.85382080078125e+02, 2.853817138671875e+02, 2.853817138671875e+02, 2.854264831542969e+02, 2.854426574707031e+02, 2.852759094238281e+02, 2.852056884765625e+02, 2.850306091308594e+02, 2.848132934570312e+02, 2.846246948242188e+02, 2.844964904785156e+02, 2.841245727539062e+02, 2.840369262695312e+02, 2.839937438964844e+02, 2.839130249023438e+02, 2.838196105957031e+02, 2.836558837890625e+02, 2.835785827636719e+02, 2.835351867675781e+02, 2.834769592285156e+02, 2.834293518066406e+02, 2.833817138671875e+02]
time=[1.5552e+07, 1.57248e+07]
tow.FRAir=[1e+00, 9.772430658340454e-01, 7.355273962020874e-01, 8.038610219955444e-01, 9.061803221702576e-01, 1e+00, 7.228105664253235e-01, 7.982174754142761e-01, 9.411725401878357e-01, 7.181064486503601e-01, 7.91557252407074e-01, 9.252341389656067e-01, 1e+00, 9.73032534122467e-01, 1e+00, 1e+00, 1e+00, 1e+00, 1e+00, 1e+00, 1e+00, 1e+00, 1e+00, 1e+00, 1e+00, 1e+00, 1e+00, 1e+00, 1e+00, 1e+00, 1e+00, 1e+00, 1e+00, 1e+00, 1e+00, 1e+00, 1e+00, 1e+00, 1e+00, 1e+00, 1e+00, 1e+00, 1e+00, 1e+00, 1e+00, 1e+00, 1e+00, 1e+00, 8.610501885414124e-01, 9.228500127792358e-01, 1e+00, 7.369548678398132e-01, 7.741925716400146e-01, 8.489490747451782e-01, 6.211000084877014e-01, 6.531314253807068e-01, 6.934271454811096e-01, 7.86747932434082e-01, 5.543376207351685e-01, 6.056914925575256e-01, 6.994568109512329e-01, 8.25694739818573e-01, 6.128320097923279e-01, 6.874164342880249e-01, 8.147172331809998e-01, 6.1505126953125e-01, 6.947870850563049e-01, 8.119609951972961e-01, 9.931537508964539e-01, 7.368690967559814e-01, 8.310683965682983e-01, 1e+00, 7.526404857635498e-01, 8.129206299781799e-01, 9.268840551376343e-01, 1e+00, 7.852337956428528e-01, 8.676428198814392e-01, 1e+00, 7.540102005004883e-01, 8.249821066856384e-01, 9.467989802360535e-01, 7.274640798568726e-01, 7.995194792747498e-01, 8.728380799293518e-01, 1e+00, 7.307141423225403e-01, 7.786926627159119e-01, 8.738517761230469e-01, 6.578418016433716e-01, 6.894045472145081e-01, 7.566207647323608e-01, 8.919962048530579e-01, 6.439257264137268e-01, 6.957938075065613e-01, 7.799404859542847e-01, 5.921850800514221e-01, 6.459901332855225e-01, 7.084100842475891e-01, 8.29392671585083e-01, 6.073867678642273e-01]
tow.FRWat=[0e+00, 1.009392976760864e+00, 0e+00, 1.009392976760864e+00, 1.009392976760864e+00, 1.009392976760864e+00, 0e+00, 1.009392976760864e+00, 1.009392976760864e+00, 0e+00, 1.009392976760864e+00, 1.009392976760864e+00, 1.009392976760864e+00, 1.009392976760864e+00, 1.009392976760864e+00, 1.009392976760864e+00, 1.009392976760864e+00, 1.009392976760864e+00, 1.009392976760864e+00, 1.009392976760864e+00, 1.009392976760864e+00, 1.009392976760864e+00, 1.009392976760864e+00, 1.009392976760864e+00, 1.009392976760864e+00, 1.009392976760864e+00, 1.009392976760864e+00, 1.009392976760864e+00, 1.009392976760864e+00, 1.009392976760864e+00, 1.009392976760864e+00, 1.009392976760864e+00, 1.009392976760864e+00, 1.009392976760864e+00, 1.009392976760864e+00, 1.009392976760864e+00, 1.009392976760864e+00, 1.009392976760864e+00, 1.009392976760864e+00, 1.009392976760864e+00, 1.009392976760864e+00, 1.009392976760864e+00, 1.009392976760864e+00, 0e+00, 1.009392976760864e+00, 1.009392976760864e+00, 1.009392976760864e+00, 1.009392976760864e+00, 0e+00, 1.009392976760864e+00, 1.009392976760864e+00, 0e+00, 1.009392976760864e+00, 1.009392976760864e+00, 0e+00, 0e+00, 1.009392976760864e+00, 1.009392976760864e+00, 0e+00, 1.009392976760864e+00, 1.009392976760864e+00, 1.009392976760864e+00, 0e+00, 1.009392976760864e+00, 1.009392976760864e+00, 0e+00, 1.009392976760864e+00, 1.009392976760864e+00, 1.009392976760864e+00, 0e+00, 1.009392976760864e+00, 1.009392976760864e+00, 0e+00, 1.009392976760864e+00, 1.009392976760864e+00, 1.009392976760864e+00, 0e+00, 1.009392976760864e+00, 1.009392976760864e+00, 0e+00, 1.009392976760864e+00, 1.009392976760864e+00, 0e+00, 0e+00, 1.009392976760864e+00, 1.009392976760864e+00, 0e+00, 1.009392976760864e+00, 1.009392976760864e+00, 0e+00, 0e+00, 1.009392976760864e+00, 1.009392976760864e+00, 0e+00, 1.009392976760864e+00, 1.009392976760864e+00, 0e+00, 0e+00, 1.009392976760864e+00, 1.009392976760864e+00, 0e+00]
tow.TApp_nominal=[3.890000104904175e+00, 3.890000104904175e+00]
tow.TAppAct=[-6.76198422908783e-01, 5.770089626312256e+00, -6.761416792869568e-01, 5.778356075286865e+00, 5.772253036499023e+00, 6.177476406097412e+00, -6.771835684776306e-01, 6.27292537689209e+00, 6.132385730743408e+00, -6.767362952232361e-01, 5.90704345703125e+00, 5.597192764282227e+00, 5.489619255065918e+00, 4.325407028198242e+00, 3.989627122879028e+00, 3.355847597122192e+00, 3.178609848022461e+00, 3.107278347015381e+00, 3.041497468948364e+00, 3.001713037490845e+00, 2.971374034881592e+00, 2.933952331542969e+00, 2.901378631591797e+00, 2.894076824188232e+00, 2.979731321334839e+00, 3.003516435623169e+00, 2.670125722885132e+00, 2.374333620071411e+00, 2.443499803543091e+00, 2.652290344238281e+00, 2.914570569992065e+00, 3.118069648742676e+00, 3.106667757034302e+00, 3.118892669677734e+00, 3.195153474807739e+00, 3.247657299041748e+00, 3.198970556259155e+00, 3.17905068397522e+00, 3.202524423599243e+00, 3.268233060836792e+00, 3.346098899841309e+00, 3.7543044090271e+00, 3.804778099060059e+00, -6.597362160682678e-01, 4.275269985198975e+00, 5.321269035339355e+00, 4.278114795684814e+00, 5.187858581542969e+00, -6.723435521125793e-01, 5.337637901306152e+00, 5.815284729003906e+00, -6.767434477806091e-01, 6.345152854919434e+00, 6.7212233543396e+00, -6.760736107826233e-01, -6.743075847625732e-01, 7.998974323272705e+00, 8.481496810913086e+00, -6.627756953239441e-01, 8.901453971862793e+00, 8.682979583740234e+00, 8.622584342956543e+00, -6.701197028160095e-01, 7.949994087219238e+00, 7.822149276733398e+00, -6.741129755973816e-01, 7.201678276062012e+00, 6.834696769714355e+00, 6.554255962371826e+00, -6.770697236061096e-01, 5.966179847717285e+00, 5.694981575012207e+00, -6.758258938789368e-01, 5.770912170410156e+00, 5.737969875335693e+00, 6.117978572845459e+00, -6.760545969009399e-01, 5.760554790496826e+00, 5.821792125701904e+00, -6.760930418968201e-01, 5.760871887207031e+00, 5.754019737243652e+00, -6.75934910774231e-01, -6.758972406387329e-01, 5.862982273101807e+00, 6.017567157745361e+00, -6.769455075263977e-01, 6.328713893890381e+00, 6.511232376098633e+00, -6.770977973937988e-01, -6.764286756515503e-01, 7.103973388671875e+00, 7.140950679779053e+00, -6.757296919822693e-01, 7.323874950408936e+00, 7.481982231140137e+00, -6.741927862167358e-01, -6.73981785774231e-01, 7.664857387542725e+00, 7.705780029296875e+00, -6.730597615242004e-01]
tow.TRan=[0e+00, 4.054589748382568e+00, 0e+00, 3.061465740203857e+00, 3.639880657196045e+00, 4.522832870483398e+00, 0e+00, 3.294491052627563e+00, 4.078222274780273e+00, 0e+00, 3.06152081489563e+00, 3.637842178344727e+00, 4.135056972503662e+00, 3.010514497756958e+00, 3.073988676071167e+00, 2.569312334060669e+00, 2.444326162338257e+00, 2.411055088043213e+00, 2.387322425842285e+00, 2.385097742080688e+00, 2.389505386352539e+00, 2.38763427734375e+00, 2.389375448226929e+00, 2.409085273742676e+00, 2.492335796356201e+00, 2.510729312896729e+00, 2.262103080749512e+00, 2.077681064605713e+00, 2.216768026351929e+00, 2.445591926574707e+00, 2.668041944503784e+00, 2.784655332565308e+00, 2.717048645019531e+00, 2.683152437210083e+00, 2.70114541053772e+00, 2.695816516876221e+00, 2.62326192855835e+00, 2.586631298065186e+00, 2.587862253189087e+00, 2.616149425506592e+00, 2.647680759429932e+00, 2.878214359283447e+00, 2.81935715675354e+00, 0e+00, 3.156538009643555e+00, 4.191510677337646e+00, 3.140746831893921e+00, 3.908402681350708e+00, 0e+00, 3.454771280288696e+00, 4.256544589996338e+00, 0e+00, 3.18813943862915e+00, 3.851982593536377e+00, 0e+00, 0e+00, 3.426100254058838e+00, 4.321249961853027e+00, 0e+00, 3.136049032211304e+00, 3.752409696578979e+00, 4.736904621124268e+00, 0e+00, 3.36400318145752e+00, 4.204880714416504e+00, 0e+00, 3.097145795822144e+00, 3.676223516464233e+00, 4.704971790313721e+00, 0e+00, 3.320564031600952e+00, 4.139693737030029e+00, 0e+00, 3.108175754547119e+00, 3.737896680831909e+00, 4.531932830810547e+00, 0e+00, 3.411534070968628e+00, 4.244513034820557e+00, 0e+00, 3.170248508453369e+00, 3.864300489425659e+00, 0e+00, 0e+00, 3.502488374710083e+00, 4.385285377502441e+00, 0e+00, 3.206718683242798e+00, 3.891085863113403e+00, 0e+00, 0e+00, 3.453256845474243e+00, 4.377134799957275e+00, 0e+00, 3.156219005584717e+00, 3.791706800460815e+00, 0e+00, 0e+00, 3.38779091835022e+00, 4.250015735626221e+00, 0e+00]
conFan.u_m=[2.931499938964844e+02, 2.911367797851562e+02, 2.911441955566406e+02, 2.911436157226562e+02, 2.911373596191406e+02, 2.91361572265625e+02, 2.911438293457031e+02, 2.91141845703125e+02, 2.911346740722656e+02, 2.911448059082031e+02, 2.9114404296875e+02, 2.911397705078125e+02, 2.91799560546875e+02, 2.911487731933594e+02, 2.922366027832031e+02, 2.923259582519531e+02, 2.924823608398438e+02, 2.9266796875e+02, 2.928896179199219e+02, 2.93113525390625e+02, 2.933251647949219e+02, 2.935416259765625e+02, 2.937569885253906e+02, 2.939384765625e+02, 2.9396826171875e+02, 2.9394482421875e+02, 2.943800048828125e+02, 2.952019348144531e+02, 2.957302856445312e+02, 2.958129272460938e+02, 2.955185852050781e+02, 2.949978942871094e+02, 2.946482238769531e+02, 2.943649597167969e+02, 2.940411682128906e+02, 2.937125549316406e+02, 2.935293579101562e+02, 2.934105529785156e+02, 2.932864990234375e+02, 2.931004028320312e+02, 2.928792114257812e+02, 2.922225646972656e+02, 2.916341552734375e+02, 2.913794860839844e+02, 2.914715576171875e+02, 2.919277648925781e+02, 2.913767700195312e+02, 2.917908325195312e+02, 2.911420593261719e+02, 2.911374206542969e+02, 2.91313232421875e+02, 2.911432189941406e+02, 2.911415710449219e+02, 2.911352844238281e+02, 2.911438598632812e+02, 2.911441650390625e+02, 2.911405944824219e+02, 2.911353454589844e+02, 2.9114501953125e+02, 2.91144775390625e+02, 2.911398010253906e+02, 2.91352783203125e+02, 2.911458740234375e+02, 2.911423950195312e+02, 2.911358337402344e+02, 2.911458129882812e+02, 2.911450500488281e+02, 2.911392822265625e+02, 2.912436828613281e+02, 2.911453552246094e+02, 2.911416931152344e+02, 2.911717529296875e+02, 2.911438903808594e+02, 2.911431579589844e+02, 2.911365051269531e+02, 2.915249938964844e+02, 2.9114404296875e+02, 2.911398010253906e+02, 2.912394409179688e+02, 2.911441650390625e+02, 2.911423950195312e+02, 2.911355590820312e+02, 2.911443786621094e+02, 2.911438293457031e+02, 2.911385498046875e+02, 2.91253173828125e+02, 2.911437683105469e+02, 2.911417541503906e+02, 2.911355285644531e+02, 2.911443786621094e+02, 2.911441650390625e+02, 2.911406555175781e+02, 2.911360473632812e+02, 2.911448059082031e+02, 2.91143310546875e+02, 2.911375122070312e+02, 2.911449584960938e+02, 2.911450500488281e+02, 2.911415710449219e+02, 2.9113525390625e+02, 2.911451416015625e+02]
conFan.u_s=[2.911499938964844e+02, 2.911499938964844e+02]
onOffController.u=[2.951499938964844e+02, 2.951499938964844e+02]
onOffController.reference=[2.931499938964844e+02, 2.951884155273438e+02, 2.956851196289062e+02, 2.942021484375e+02, 2.947743225097656e+02, 2.958814697265625e+02, 2.947294006347656e+02, 2.944333801269531e+02, 2.952099609375e+02, 2.956473388671875e+02, 2.9420263671875e+02, 2.947746887207031e+02, 2.959316711425781e+02, 2.941563720703125e+02, 2.953076782226562e+02, 2.94892333984375e+02, 2.949237670898438e+02, 2.950761108398438e+02, 2.952740173339844e+02, 2.954956665039062e+02, 2.957117309570312e+02, 2.959263305664062e+02, 2.961434326171875e+02, 2.963446350097656e+02, 2.964576416015625e+02, 2.9645263671875e+02, 2.966391906738281e+02, 2.972766723632812e+02, 2.979441223144531e+02, 2.982555847167969e+02, 2.981836853027344e+02, 2.977796325683594e+02, 2.973623352050781e+02, 2.97045166015625e+02, 2.967393798828125e+02, 2.964054260253906e+02, 2.961496887207031e+02, 2.959942626953125e+02, 2.958714294433594e+02, 2.95713623046875e+02, 2.955239562988281e+02, 2.950978393554688e+02, 2.944505615234375e+02, 2.958053588867188e+02, 2.946251525878906e+02, 2.961163330078125e+02, 2.945145874023438e+02, 2.956963195800781e+02, 2.945381469726562e+02, 2.945892639160156e+02, 2.955668640136719e+02, 2.951147766113281e+02, 2.943267822265625e+02, 2.949843139648438e+02, 2.960413818359375e+02, 2.943360290527344e+02, 2.945637512207031e+02, 2.954536437988281e+02, 2.9528271484375e+02, 2.942778930664062e+02, 2.948892822265625e+02, 2.960867614746094e+02, 2.945097045898438e+02, 2.945034484863281e+02, 2.953377685546875e+02, 2.954461059570312e+02, 2.942392578125e+02, 2.948125610351562e+02, 2.959457092285156e+02, 2.946710205078125e+02, 2.944593200683594e+02, 2.953085327148438e+02, 2.954944763183594e+02, 2.942483825683594e+02, 2.948714599609375e+02, 2.960540161132812e+02, 2.944643249511719e+02, 2.945484008789062e+02, 2.954810180664062e+02, 2.952403259277344e+02, 2.943096923828125e+02, 2.949969177246094e+02, 2.960175476074219e+02, 2.942146911621094e+02, 2.946380920410156e+02, 2.956355285644531e+02, 2.950381164550781e+02, 2.943455505371094e+02, 2.95023681640625e+02, 2.95967041015625e+02, 2.942641296386719e+02, 2.945909729003906e+02, 2.9551025390625e+02, 2.952072143554688e+02, 2.942966003417969e+02, 2.9492626953125e+02, 2.96149169921875e+02, 2.944420776367188e+02, 2.945264282226562e+02, 2.9538232421875e+02, 2.953830261230469e+02]
