last-generated=2019-04-10
statistics-initialization=
{
  "nonlinear": "0, 0, 28, 0, 0, 0, 0, 0, 0, 0, 0, 0, 0, 0, 0, 0, 0, 0, 0, 0, 0, 0, 0, 0, 0, 0, 0,   0, 0, 0, 0, 0, 0, 1, 0, 1, 1, 1",
  "numerical Jacobians": "0"
}
statistics-simulation=
{
  "linear": "24",
  "nonlinear": "0, 0, 28, 0, 1, 0, 1, 1, 1",
  "number of continuous time states": "74",
  "numerical Jacobians": "0"
}
pmpSouth.m_flow=[0e+00, 3.545421361923218e+00, 5.229339599609375e+00, 5.277144432067871e+00, 5.182986736297607e+00, 5.114256858825684e+00, 5.076239585876465e+00, 5.063357830047607e+00, 5.070403099060059e+00, 5.091779232025146e+00, 5.122071266174316e+00, 5.155332565307617e+00, 5.186187744140625e+00, 5.221305370330811e+00, 5.256616592407227e+00, 5.289435386657715e+00, 5.318986892700195e+00, 5.345248699188232e+00, 5.368416786193848e+00, 5.388723373413086e+00, 5.406383037567139e+00, 5.421582698822021e+00, 5.434479236602783e+00, 5.44520378112793e+00, 5.45386266708374e+00, 5.460541248321533e+00, 5.465303897857666e+00, 5.778448104858398e+00, 6.106607437133789e+00, 6.244128227233887e+00, 6.263261318206787e+00, 6.233724594116211e+00, 6.194435596466064e+00, 6.158918380737305e+00, 6.128513336181641e+00, 6.101109981536865e+00, 6.074445247650146e+00, 6.04345178604126e+00, 6.012558460235596e+00, 5.980763912200928e+00, 5.945428848266602e+00, 5.905558586120605e+00, 5.860684871673584e+00, 5.810429096221924e+00, 5.754378318786621e+00, 5.692054271697998e+00, 5.622912406921387e+00, 5.546345710754395e+00, 5.461686611175537e+00, 5.368211269378662e+00, 5.265146255493164e+00, 4.081645011901855e+00, 1.589412808418274e+00, 4.602685868740082e-01, 8.181173354387283e-02, 1.686622202396393e-02, 1.116731949150562e-02, 1.070811320096254e-02, 1.044623460620642e-02, 1.006343867629766e-02, 9.57599189132452e-03, 8.997330442070961e-03, 8.330870419740677e-03, 7.57888238877058e-03, 6.748107261955738e-03, 5.853439681231976e-03, 4.920057486742735e-03, 3.983525559306145e-03, 3.086744574829936e-03, 2.273513004183769e-03, 1.580151845701039e-03, 1.028109923936427e-03, 6.203972734510899e-04, 3.433204838074744e-04, 1.720307482173666e-04, 7.738824933767319e-05, 3.191046926076524e-05, 1.32405821204884e-05, 6.485885023721494e-06, 5.060260718892096e-06, 5.108346158522181e-06, 4.718791842606151e-06, 3.671618742373539e-06, 2.477004045431386e-06, 1.491793568675348e-06, 8.172929710781318e-07, 4.128750106247026e-07, 1.945163461414268e-07, 8.651029048678538e-08, 3.690313477022755e-08, 1.538677629753238e-08, 6.466258639648004e-09, 2.831525680591085e-09, 1.354012124643589e-09, 7.404055146764676e-10, 4.764393324308003e-10, 3.547313554008724e-10, 2.964343770450739e-10, 2.683007982451358e-10, 2.557139222592042e-10, 2.512513530561478e-10]
pmpNorth.m_flow=[0e+00, 3.940252304077148e+00, 5.780928611755371e+00, 5.808576107025146e+00, 5.689266204833984e+00, 5.604330062866211e+00, 5.557217597961426e+00, 5.54055643081665e+00, 5.547838687896729e+00, 5.57225227355957e+00, 5.607275009155273e+00, 5.646489143371582e+00, 5.681771755218506e+00, 5.721962928771973e+00, 5.762668132781982e+00, 5.800478935241699e+00, 5.83441162109375e+00, 5.86444091796875e+00, 5.890820026397705e+00, 5.913846969604492e+00, 5.933798789978027e+00, 5.950913429260254e+00, 5.965392589569092e+00, 5.977402687072754e+00, 5.98707914352417e+00, 5.994529724121094e+00, 5.999836444854736e+00, 6.391314506530762e+00, 6.808346748352051e+00, 6.98150634765625e+00, 7.000438213348389e+00, 6.957550525665283e+00, 6.904165267944336e+00, 6.857476711273193e+00, 6.818716526031494e+00, 6.784786224365234e+00, 6.752520561218262e+00, 6.71627140045166e+00, 6.678719520568848e+00, 6.640993118286133e+00, 6.599321842193604e+00, 6.552196025848389e+00, 6.49893856048584e+00, 6.439034461975098e+00, 6.371936798095703e+00, 6.297019481658936e+00, 6.213576793670654e+00, 6.120829582214355e+00, 6.017936229705811e+00, 5.904007434844971e+00, 5.778125286102295e+00, 4.468039512634277e+00, 1.739686489105225e+00, 4.988245368003845e-01, 9.165912866592407e-02, 1.895786635577679e-02, 1.254142541438341e-02, 1.200691424310207e-02, 1.168827619403601e-02, 1.122886408120394e-02, 1.064760517328978e-02, 9.960501454770565e-03, 9.173012338578701e-03, 8.290382102131844e-03, 7.324097212404013e-03, 6.295761559158564e-03, 5.23857306689024e-03, 4.195885732769966e-03, 3.216079901903868e-03, 2.344473963603377e-03, 1.6147221904248e-03, 1.042832969687879e-03, 6.257801433093846e-04, 3.449731157161295e-04, 1.724463218124583e-04, 7.747241033939645e-05, 3.192478470737115e-05, 1.32431468955474e-05, 6.486708116426598e-06, 5.061147930973675e-06, 5.110354777571047e-06, 4.723317488242174e-06, 3.679563405967201e-06, 2.487854999344563e-06, 1.503742282693565e-06, 8.282364660772146e-07, 4.214196565044404e-07, 2.003213666057491e-07, 9.001073664194337e-08, 3.882029275814602e-08, 1.636544944005891e-08, 6.949758102337e-09, 3.072118559543924e-09, 1.481181732820858e-09, 8.155889297256635e-10, 5.278435466493647e-10, 3.94852039953264e-10, 3.312170815394921e-10, 3.007022963963379e-10, 2.873045412687958e-10, 2.828553224976105e-10]
time=[0e+00, 1e+03]
