last-generated=2019-04-10
statistics-initialization=
{
  "nonlinear": "5",
  "numerical Jacobians": "0"
}
statistics-simulation=
{
  "linear": "0, 0, 0, 0, 0",
  "nonlinear": "1",
  "number of continuous time states": "10",
  "numerical Jacobians": "0"
}
zone.T=[2.931499938964844e+02, 2.932986450195312e+02, 2.938195495605469e+02, 2.946534118652344e+02, 2.933469543457031e+02, 2.948510437011719e+02, 2.9495654296875e+02, 2.948143310546875e+02, 2.941948852539062e+02, 2.951499633789062e+02, 2.945299987792969e+02, 2.940123596191406e+02, 2.95130859375e+02, 2.93359619140625e+02, 2.949378662109375e+02, 2.949984741210938e+02, 2.950543823242188e+02, 2.93460693359375e+02, 2.933508605957031e+02, 2.933690795898438e+02, 2.940606994628906e+02, 2.9381689453125e+02, 2.941669616699219e+02, 2.951101379394531e+02, 2.937215270996094e+02, 2.932662963867188e+02, 2.949934997558594e+02, 2.933594360351562e+02, 2.93883544921875e+02, 2.95536376953125e+02, 2.960248718261719e+02, 2.951151123046875e+02, 2.950506896972656e+02, 2.94502197265625e+02, 2.95419677734375e+02, 2.957052307128906e+02, 2.955547485351562e+02, 2.956876831054688e+02, 2.955371398925781e+02, 2.961585693359375e+02, 2.966768798828125e+02, 2.969844360351562e+02, 2.97135986328125e+02, 2.972690734863281e+02, 2.9719140625e+02, 2.970221862792969e+02, 2.972713623046875e+02, 2.972726440429688e+02, 2.972508239746094e+02, 2.972774658203125e+02, 2.970590209960938e+02, 2.972693176269531e+02, 2.972654418945312e+02, 2.971261291503906e+02, 2.972723083496094e+02, 2.972996215820312e+02, 2.972721252441406e+02, 2.972756652832031e+02, 2.972812194824219e+02, 2.972701416015625e+02, 2.972513122558594e+02, 2.97255615234375e+02, 2.969861450195312e+02, 2.972007446289062e+02, 2.972367553710938e+02, 2.969232788085938e+02, 2.968833312988281e+02, 2.96797607421875e+02, 2.968888244628906e+02, 2.968609924316406e+02, 2.965559387207031e+02, 2.962305603027344e+02, 2.956697692871094e+02, 2.952459411621094e+02, 2.955821533203125e+02, 2.955872192382812e+02, 2.950531921386719e+02, 2.941625061035156e+02, 2.943086547851562e+02, 2.943357543945312e+02, 2.933300476074219e+02, 2.937828063964844e+02, 2.935886535644531e+02, 2.935028991699219e+02, 2.936851196289062e+02, 2.932078857421875e+02, 2.950307006835938e+02, 2.935578002929688e+02, 2.941127319335938e+02, 2.950599060058594e+02, 2.949208374023438e+02, 2.948160095214844e+02, 2.95083251953125e+02, 2.939211120605469e+02, 2.948829956054688e+02, 2.950764770507812e+02, 2.950697937011719e+02, 2.949949645996094e+02, 2.944742126464844e+02, 2.950241394042969e+02, 2.948710021972656e+02]
time=[0e+00, 3.1536e+07]
heaWat.u=[1e+00, 1e+00, 1e+00, 1e+00, 0e+00, 1e+00, 1e+00, 1e+00, 1e+00, 1e+00, 1e+00, 1e+00, 1e+00, 0e+00, 1e+00, 1e+00, 0e+00, 1e+00, 0e+00, 0e+00, 1e+00, 0e+00, 0e+00, 1e+00, 0e+00, 0e+00, 1e+00, 0e+00, 0e+00, 0e+00, 0e+00, 0e+00, 0e+00, 0e+00, 0e+00, 0e+00, 0e+00, 0e+00, 0e+00, 0e+00, 0e+00, 0e+00, 0e+00, 0e+00, 0e+00, 0e+00, 0e+00, 0e+00, 0e+00, 0e+00, 0e+00, 0e+00, 0e+00, 0e+00, 0e+00, 0e+00, 0e+00, 0e+00, 0e+00, 0e+00, 0e+00, 0e+00, 0e+00, 0e+00, 0e+00, 0e+00, 0e+00, 0e+00, 0e+00, 0e+00, 0e+00, 0e+00, 0e+00, 0e+00, 0e+00, 0e+00, 0e+00, 0e+00, 0e+00, 1e+00, 0e+00, 0e+00, 1e+00, 0e+00, 0e+00, 0e+00, 1e+00, 0e+00, 0e+00, 1e+00, 1e+00, 1e+00, 1e+00, 0e+00, 1e+00, 1e+00, 1e+00, 1e+00, 1e+00, 1e+00, 1e+00]
vavDam.y=[1.000000014901161e-01, 1.000000014901161e-01, 1.000000014901161e-01, 1.000000014901161e-01, 1.000000014901161e-01, 1.000000014901161e-01, 1.000000014901161e-01, 1.000000014901161e-01, 1.000000014901161e-01, 1.000000014901161e-01, 1.000000014901161e-01, 1.000000014901161e-01, 1.000000014901161e-01, 1.000000014901161e-01, 1.000000014901161e-01, 1.000000014901161e-01, 1.000000014901161e-01, 1.000000014901161e-01, 1.000000014901161e-01, 1.000000014901161e-01, 1.000000014901161e-01, 1.000000014901161e-01, 1.000000014901161e-01, 1.000000014901161e-01, 1.000000014901161e-01, 1.000000014901161e-01, 1.000000014901161e-01, 1.000000014901161e-01, 1.000000014901161e-01, 1.000000014901161e-01, 1.000000014901161e-01, 1.000000014901161e-01, 1.000000014901161e-01, 1.000000014901161e-01, 1.000000014901161e-01, 1.000000014901161e-01, 1.000000014901161e-01, 1.000000014901161e-01, 1.000000014901161e-01, 1.000000014901161e-01, 1.000000014901161e-01, 1.000000014901161e-01, 1.000000014901161e-01, 1.190660744905472e-01, 1.000000014901161e-01, 1.000000014901161e-01, 1.213521659374237e-01, 1.226370856165886e-01, 1.008197218179703e-01, 1.274644583463669e-01, 1.000000014901161e-01, 1.193136796355247e-01, 1.154438778758049e-01, 1.000000014901161e-01, 1.2229835242033e-01, 1.496262401342392e-01, 1.221349611878395e-01, 1.256636828184128e-01, 1.312246471643448e-01, 1.201437786221504e-01, 1.013145968317986e-01, 1.056149378418922e-01, 1.000000014901161e-01, 1.000000014901161e-01, 1.000000014901161e-01, 1.000000014901161e-01, 1.000000014901161e-01, 1.000000014901161e-01, 1.000000014901161e-01, 1.000000014901161e-01, 1.000000014901161e-01, 1.000000014901161e-01, 1.000000014901161e-01, 1.000000014901161e-01, 1.000000014901161e-01, 1.000000014901161e-01, 1.000000014901161e-01, 1.000000014901161e-01, 1.000000014901161e-01, 1.000000014901161e-01, 1.000000014901161e-01, 1.000000014901161e-01, 1.000000014901161e-01, 1.000000014901161e-01, 1.000000014901161e-01, 1.000000014901161e-01, 1.000000014901161e-01, 1.000000014901161e-01, 1.000000014901161e-01, 1.000000014901161e-01, 1.000000014901161e-01, 1.000000014901161e-01, 1.000000014901161e-01, 1.000000014901161e-01, 1.000000014901161e-01, 1.000000014901161e-01, 1.000000014901161e-01, 1.000000014901161e-01, 1.000000014901161e-01, 1.000000014901161e-01, 1.000000014901161e-01]
fan.sta_b.T=[2.886552734375e+02, 2.904577331542969e+02, 2.878002624511719e+02, 2.920339660644531e+02, 2.909736938476562e+02, 2.921861572265625e+02, 2.912510375976562e+02, 2.903099365234375e+02, 2.887933959960938e+02, 2.918001403808594e+02, 2.898282775878906e+02, 2.909384460449219e+02, 2.92034912109375e+02, 2.904967651367188e+02, 2.906281433105469e+02, 2.922214660644531e+02, 2.918370056152344e+02, 2.90767333984375e+02, 2.914960021972656e+02, 2.917686462402344e+02, 2.911693420410156e+02, 2.921475830078125e+02, 2.914045715332031e+02, 2.922450256347656e+02, 2.928441162109375e+02, 2.910791320800781e+02, 2.920714721679688e+02, 2.918489074707031e+02, 2.920860900878906e+02, 2.963506164550781e+02, 2.94098876953125e+02, 2.935656127929688e+02, 2.93359130859375e+02, 2.939566040039062e+02, 2.947677001953125e+02, 2.943222045898438e+02, 2.947432861328125e+02, 2.935458984375e+02, 2.952122192382812e+02, 2.961461791992188e+02, 2.948931274414062e+02, 2.980902709960938e+02, 2.966093444824219e+02, 2.980160827636719e+02, 2.96286865234375e+02, 2.965216369628906e+02, 2.963283996582031e+02, 2.985794982910156e+02, 2.949618835449219e+02, 2.974532165527344e+02, 2.972279052734375e+02, 2.9737255859375e+02, 2.969470825195312e+02, 2.979119873046875e+02, 2.977032165527344e+02, 2.980174560546875e+02, 2.981701354980469e+02, 2.968270874023438e+02, 2.98050048828125e+02, 2.977490539550781e+02, 2.958913879394531e+02, 2.975402526855469e+02, 2.966902465820312e+02, 2.963926086425781e+02, 2.98062255859375e+02, 2.965275268554688e+02, 2.967245788574219e+02, 2.966690979003906e+02, 2.963464050292969e+02, 2.965512084960938e+02, 2.957953186035156e+02, 2.960137329101562e+02, 2.945076599121094e+02, 2.951834106445312e+02, 2.94680908203125e+02, 2.948069152832031e+02, 2.944580993652344e+02, 2.922938842773438e+02, 2.932568969726562e+02, 2.925123291015625e+02, 2.915532836914062e+02, 2.924067993164062e+02, 2.915688171386719e+02, 2.919306335449219e+02, 2.939968566894531e+02, 2.925294799804688e+02, 2.923388671875e+02, 2.924598083496094e+02, 2.916416320800781e+02, 2.916824035644531e+02, 2.909104614257812e+02, 2.902037353515625e+02, 2.919537048339844e+02, 2.917670593261719e+02, 2.908407287597656e+02, 2.920327453613281e+02, 2.911068115234375e+02, 2.912257385253906e+02, 2.911376953125e+02, 2.913525390625e+02, 2.911006164550781e+02]
fan.sta_a.T=[2.883200073242188e+02, 2.901224670410156e+02, 2.874650268554688e+02, 2.916986999511719e+02, 2.90638427734375e+02, 2.918508911132812e+02, 2.90915771484375e+02, 2.899746704101562e+02, 2.884581604003906e+02, 2.914649047851562e+02, 2.894930114746094e+02, 2.906031799316406e+02, 2.916996459960938e+02, 2.901614990234375e+02, 2.902928771972656e+02, 2.918861999511719e+02, 2.915017395019531e+02, 2.904320678710938e+02, 2.911607360839844e+02, 2.914333801269531e+02, 2.908340759277344e+02, 2.918123168945312e+02, 2.910693054199219e+02, 2.919097595214844e+02, 2.925088806152344e+02, 2.907438659667969e+02, 2.917362060546875e+02, 2.915136413574219e+02, 2.917508239746094e+02, 2.960153503417969e+02, 2.937636413574219e+02, 2.932303466796875e+02, 2.930238647460938e+02, 2.936213684082031e+02, 2.944324340820312e+02, 2.939869384765625e+02, 2.944080200195312e+02, 2.932106323242188e+02, 2.94876953125e+02, 2.958109130859375e+02, 2.94557861328125e+02, 2.977550048828125e+02, 2.962740783691406e+02, 2.976808166503906e+02, 2.959515991210938e+02, 2.961863708496094e+02, 2.959931640625e+02, 2.982442321777344e+02, 2.946266174316406e+02, 2.971179504394531e+02, 2.968926696777344e+02, 2.970372924804688e+02, 2.966118469238281e+02, 2.975767211914062e+02, 2.973679504394531e+02, 2.976821899414062e+02, 2.978348693847656e+02, 2.964918212890625e+02, 2.977148132324219e+02, 2.974137878417969e+02, 2.955561218261719e+02, 2.972050170898438e+02, 2.9635498046875e+02, 2.960573425292969e+02, 2.977269897460938e+02, 2.961922912597656e+02, 2.963893127441406e+02, 2.963338317871094e+02, 2.960111389160156e+02, 2.962159729003906e+02, 2.954600524902344e+02, 2.95678466796875e+02, 2.941723937988281e+02, 2.9484814453125e+02, 2.943456420898438e+02, 2.944716491699219e+02, 2.941228332519531e+02, 2.919586181640625e+02, 2.92921630859375e+02, 2.921770629882812e+02, 2.91218017578125e+02, 2.92071533203125e+02, 2.912335510253906e+02, 2.915953674316406e+02, 2.936615905761719e+02, 2.921942138671875e+02, 2.920036010742188e+02, 2.921245422363281e+02, 2.913063659667969e+02, 2.913471374511719e+02, 2.905751953125e+02, 2.898684997558594e+02, 2.916184387207031e+02, 2.914317932128906e+02, 2.905054626464844e+02, 2.91697509765625e+02, 2.907715454101562e+02, 2.908904724121094e+02, 2.908024291992188e+02, 2.910172729492188e+02, 2.907653503417969e+02]
