last-generated=2019-04-10
statistics-initialization=
{
  "nonlinear": "0, 0, 7, 0, 0, 0, 0, 0, 1, 0, 1, 1, 1",
  "numerical Jacobians": "0"
}
statistics-simulation=
{
  "linear": "24",
  "nonlinear": "0, 0, 7, 0, 1, 0, 1, 1, 1",
  "number of continuous time states": "74",
  "numerical Jacobians": "0"
}
pmpSouth.m_flow=[0e+00, 1.627020659670235e-01, 3.65586184501648e+00, 4.888738813400268e+00, 5.245424041748047e+00, 5.301563310623169e+00, 5.268285102844239e+00, 5.218409490585327e+00, 5.172467632293701e+00, 5.135025110244751e+00, 5.106359672546387e+00, 5.08567811012268e+00, 5.071993370056152e+00, 5.064928483963013e+00, 5.063435649871826e+00, 5.067028760910034e+00, 5.074788436889649e+00, 5.085957546234131e+00, 5.099843654632569e+00, 5.115661306381226e+00, 5.132903003692627e+00, 5.150315952301026e+00, 5.16571949005127e+00, 5.181842193603516e+00, 5.199370822906494e+00, 5.217719078063965e+00, 5.236182804107666e+00, 5.25426643371582e+00, 5.271690483093262e+00, 5.288299417495727e+00, 5.304022121429443e+00, 5.318874034881592e+00, 5.332817630767822e+00, 5.345931024551391e+00, 5.358209171295166e+00, 5.369701671600342e+00, 5.380442771911621e+00, 5.390442600250244e+00, 5.399761505126953e+00, 5.408386583328247e+00, 5.416376113891602e+00, 5.423734703063965e+00, 5.430484390258789e+00, 5.436655378341674e+00, 5.442238521575928e+00, 5.447279024124145e+00, 5.451763706207275e+00, 5.455722160339356e+00, 5.459159412384033e+00, 5.462077188491821e+00, 5.464502334594727e+00, 5.515218000411988e+00, 5.707910041809082e+00, 5.914071168899537e+00, 6.073147506713868e+00, 6.177937459945679e+00, 6.236151504516602e+00, 6.261647157669067e+00, 6.263937149047852e+00, 6.253033561706543e+00, 6.235222053527832e+00, 6.214974641799927e+00, 6.194744930267334e+00, 6.175717496871949e+00, 6.158145675659179e+00, 6.141994619369506e+00, 6.126933460235596e+00, 6.112631177902221e+00, 6.09876537322998e+00, 6.085038766860962e+00, 6.071091270446777e+00, 6.0551762008667e+00, 6.038657417297363e+00, 6.022715663909912e+00, 6.006884880065918e+00, 5.990583181381226e+00, 5.973474674224853e+00, 5.955299110412597e+00, 5.93597038269043e+00, 5.915391120910645e+00, 5.893489837646484e+00, 5.870260276794434e+00, 5.845572242736817e+00, 5.81945803642273e+00, 5.791799068450928e+00, 5.762563991546631e+00, 5.731693534851074e+00, 5.699068689346313e+00, 5.664694499969483e+00, 5.628384656906128e+00, 5.590151023864746e+00, 5.549852237701416e+00, 5.507399291992187e+00, 5.462743415832519e+00, 5.41567855834961e+00, 5.366229248046875e+00, 5.314168357849121e+00, 5.259469194412231e+00, 5.151504344940185e+00, 3.824340057373055e+00, 2.402742147445679e+00]
pmpNorth.m_flow=[0e+00, 1.810025041550399e-01, 4.062226152420044e+00, 5.418179626464844e+00, 5.796806144714355e+00, 5.844769954681396e+00, 5.796997890472412e+00, 5.733408546447754e+00, 5.676234283447266e+00, 5.629958057403565e+00, 5.594578552246094e+00, 5.568977680206299e+00, 5.551880531311035e+00, 5.542782526016236e+00, 5.54039005279541e+00, 5.544098043441773e+00, 5.552792148590088e+00, 5.56555588722229e+00, 5.581556015014648e+00, 5.599850540161133e+00, 5.61983060836792e+00, 5.640420331954956e+00, 5.658561191558838e+00, 5.676845083236694e+00, 5.696792545318604e+00, 5.717838525772095e+00, 5.739102439880371e+00, 5.759957571029664e+00, 5.780046119689941e+00, 5.799171648025513e+00, 5.817244243621826e+00, 5.834282245635986e+00, 5.85024211883545e+00, 5.865219106674195e+00, 5.87921070098877e+00, 5.892279291152954e+00, 5.904467830657959e+00, 5.915791902542114e+00, 5.92632568359375e+00, 5.936057472229004e+00, 5.94505672454834e+00, 5.953332109451294e+00, 5.96091121673584e+00, 5.967831840515137e+00, 5.97408447265625e+00, 5.979723405838013e+00, 5.984734954833985e+00, 5.989154376983643e+00, 5.992989196777343e+00, 5.996241693496704e+00, 5.99894380569458e+00, 6.062182140350343e+00, 6.302512073516845e+00, 6.563093404769898e+00, 6.765683002471925e+00, 6.898980236053467e+00, 6.971748065948487e+00, 7.001784658432006e+00, 7.001723613739014e+00, 6.984891710281372e+00, 6.959641647338867e+00, 6.931827154159546e+00, 6.904579410552978e+00, 6.87938720703125e+00, 6.856479873657227e+00, 6.83576111793518e+00, 6.816739177703857e+00, 6.798943891525268e+00, 6.781926746368408e+00, 6.765268449783325e+00, 6.748635005950928e+00, 6.731651229858398e+00, 6.713774585723877e+00, 6.694861545562744e+00, 6.675085258483887e+00, 6.654661417007446e+00, 6.63362117767334e+00, 6.611669435501098e+00, 6.58855827331543e+00, 6.564064664840698e+00, 6.53802900314331e+00, 6.510401792526245e+00, 6.480999870300293e+00, 6.449846000671386e+00, 6.416783428192138e+00, 6.381765747070313e+00, 6.344713249206543e+00, 6.305472450256348e+00, 6.264045505523682e+00, 6.220195903778076e+00, 6.17393569946289e+00, 6.125086259841919e+00, 6.073535861968994e+00, 6.019225034713744e+00, 5.961897659301759e+00, 5.901590776443482e+00, 5.838028221130371e+00, 5.771187295913697e+00, 5.645586757659911e+00, 4.186744351387032e+00, 2.628208160400391e+00]
time=[0e+00, 5.16e+02]
