last-generated=2019-04-10
statistics-initialization=
{
  "nonlinear": "1, 1, 1, 1, 1, 1, 1, 1, 1, 0, 1, 1, 0",
  "numerical Jacobians": "0"
}
statistics-simulation=
{
  "linear": "0, 0, 0",
  "nonlinear": "1, 1, 0, 1, 1, 1, 1, 0, 1, 1, 1, 1, 0, 1, 1, 1",
  "number of continuous time states": "36",
  "numerical Jacobians": "0"
}
rooSinSpe.vol.T=[2.931499938964844e+02, 2.901217346191406e+02, 2.894354553222656e+02, 2.891847534179688e+02, 2.919067993164062e+02, 2.943965454101562e+02, 2.966376342773438e+02, 2.97046142578125e+02, 2.973168029785156e+02, 2.965737609863281e+02, 2.975501708984375e+02, 2.970431518554688e+02, 2.97067626953125e+02, 2.972960205078125e+02, 2.97088134765625e+02, 2.953320617675781e+02, 2.941253356933594e+02, 2.94507568359375e+02, 2.959963989257812e+02, 2.974607543945312e+02, 2.968508605957031e+02, 2.971683654785156e+02, 2.969259643554688e+02, 2.972940063476562e+02, 2.976683654785156e+02, 2.968239135742188e+02, 2.966713256835938e+02, 2.970855712890625e+02, 2.974146728515625e+02, 2.974391479492188e+02, 2.969170227050781e+02, 2.970155029296875e+02, 2.975654602050781e+02, 2.974887084960938e+02, 2.974818420410156e+02, 2.977723083496094e+02, 2.984167785644531e+02, 2.994053344726562e+02, 2.990123901367188e+02, 2.984645690917969e+02, 2.970690307617188e+02, 2.976106567382812e+02, 2.968741760253906e+02, 2.967961730957031e+02, 2.975320129394531e+02, 2.967936706542969e+02, 2.971412963867188e+02, 2.97065185546875e+02, 2.975486145019531e+02, 2.97622802734375e+02, 2.991080932617188e+02, 2.99748291015625e+02, 2.996502990722656e+02, 2.988315124511719e+02, 2.975361938476562e+02, 2.968008117675781e+02, 2.958990478515625e+02, 2.969294738769531e+02, 2.97537353515625e+02, 2.96607666015625e+02, 2.970059509277344e+02, 2.966683959960938e+02, 2.970251159667969e+02, 2.976024780273438e+02, 2.976553955078125e+02, 2.966810913085938e+02, 2.968629150390625e+02, 2.975188598632812e+02, 2.968839416503906e+02, 2.971901245117188e+02, 2.971403503417969e+02, 2.971862487792969e+02, 2.970267639160156e+02, 2.962994689941406e+02, 2.954257507324219e+02, 2.962256774902344e+02, 2.972372436523438e+02, 2.967788391113281e+02, 2.972145080566406e+02, 2.975806274414062e+02, 2.969093627929688e+02, 2.969469299316406e+02, 2.967876892089844e+02, 2.970480651855469e+02, 2.976499938964844e+02, 2.976195983886719e+02, 2.969620666503906e+02, 2.973979187011719e+02, 2.97194580078125e+02, 2.966081848144531e+02, 2.969601135253906e+02, 2.966842956542969e+02, 2.967888488769531e+02, 2.967802734375e+02, 2.973479309082031e+02, 2.970730590820312e+02, 2.965942993164062e+02, 2.975525207519531e+02, 2.956685180664062e+02, 2.929981079101562e+02, 2.914365539550781e+02]
weaDat.weaBus.TDryBul=[2.875499877929688e+02, 2.859917907714844e+02, 2.851544189453125e+02, 2.854028625488281e+02, 2.887801818847656e+02, 2.907900085449219e+02, 2.933236999511719e+02, 2.963230285644531e+02, 2.971455688476562e+02, 2.970499877929688e+02, 2.970499877929688e+02, 2.970220031738281e+02, 2.951740112304688e+02, 2.938283996582031e+02, 2.928380126953125e+02, 2.908167724609375e+02, 2.898629150390625e+02, 2.906793823242188e+02, 2.926691589355469e+02, 2.963241577148438e+02, 2.991700134277344e+02, 2.999359436035156e+02, 3.025074157714844e+02, 3.034008483886719e+02, 3.036030883789062e+02, 3.020499877929688e+02, 3.011135864257812e+02, 2.998500061035156e+02, 2.998448486328125e+02, 2.9875e+02, 2.985387878417969e+02, 2.981499938964844e+02, 2.971109924316406e+02, 2.992169799804688e+02, 3.016056213378906e+02, 3.039719543457031e+02, 3.047843017578125e+02, 3.060049133300781e+02, 3.049792175292969e+02, 3.043008728027344e+02, 3.023299865722656e+02, 3.003797912597656e+02, 3.003500061035156e+02, 2.9925e+02, 2.9925e+02, 2.957225341796875e+02, 2.951087341308594e+02, 2.986834106445312e+02, 3.008953247070312e+02, 3.030986022949219e+02, 3.048500061035156e+02, 3.057769470214844e+02, 3.053533020019531e+02, 3.042118530273438e+02, 2.97881591796875e+02, 2.937292175292969e+02, 2.915068054199219e+02, 2.941919555664062e+02, 2.940217895507812e+02, 2.942686462402344e+02, 2.938259887695312e+02, 2.939751892089844e+02, 2.950067749023438e+02, 2.962919921875e+02, 3.016423034667969e+02, 3.002219543457031e+02, 2.998934326171875e+02, 2.97754638671875e+02, 2.964359436035156e+02, 2.959807434082031e+02, 2.952962036132812e+02, 2.94219482421875e+02, 2.937919311523438e+02, 2.918274230957031e+02, 2.911344299316406e+02, 2.931499938964844e+02, 2.944314270019531e+02, 2.988534851074219e+02, 3.003846435546875e+02, 3.009917297363281e+02, 3.00570556640625e+02, 3.014441528320312e+02, 3.005043334960938e+02, 2.986984252929688e+02, 2.964500122070312e+02, 2.964500122070312e+02, 2.948219909667969e+02, 2.943235473632812e+02, 2.943137512207031e+02, 2.946039428710938e+02, 2.948500061035156e+02, 2.9254345703125e+02, 2.943812561035156e+02, 2.950782470703125e+02, 2.964295654296875e+02, 2.961514892578125e+02, 2.957510070800781e+02, 2.93207275390625e+02, 2.909635925292969e+02, 2.884480895996094e+02, 2.870499877929688e+02]
rooVarSpe.vol.T=[2.931499938964844e+02, 2.901217346191406e+02, 2.894354553222656e+02, 2.891847534179688e+02, 2.919067993164062e+02, 2.943965454101562e+02, 2.966376342773438e+02, 2.973358764648438e+02, 2.973520812988281e+02, 2.97349609375e+02, 2.973526306152344e+02, 2.973558044433594e+02, 2.973428344726562e+02, 2.973695373535156e+02, 2.970914611816406e+02, 2.953320922851562e+02, 2.941253356933594e+02, 2.94507568359375e+02, 2.959963989257812e+02, 2.973357849121094e+02, 2.975429382324219e+02, 2.976242065429688e+02, 2.978818664550781e+02, 2.979781494140625e+02, 2.9799560546875e+02, 2.978656005859375e+02, 2.977802734375e+02, 2.976677551269531e+02, 2.976527404785156e+02, 2.97550048828125e+02, 2.97512451171875e+02, 2.974744873046875e+02, 2.974143371582031e+02, 2.975860900878906e+02, 2.978133239746094e+02, 2.980675354003906e+02, 2.981270751953125e+02, 2.988056640625e+02, 2.9840283203125e+02, 2.980792846679688e+02, 2.978938903808594e+02, 2.976974182128906e+02, 2.976744995117188e+02, 2.97544677734375e+02, 2.97544677734375e+02, 2.97363525390625e+02, 2.973278198242188e+02, 2.975340576171875e+02, 2.977674560546875e+02, 2.98031005859375e+02, 2.985287475585938e+02, 2.991807556152344e+02, 2.990827941894531e+02, 2.982315673828125e+02, 2.975071105957031e+02, 2.967704467773438e+02, 2.958565063476562e+02, 2.973074951171875e+02, 2.973501586914062e+02, 2.973282775878906e+02, 2.973726196289062e+02, 2.972989196777344e+02, 2.973729858398438e+02, 2.973336791992188e+02, 2.976378173828125e+02, 2.975634155273438e+02, 2.975307312011719e+02, 2.974232482910156e+02, 2.973498229980469e+02, 2.970574951171875e+02, 2.973478698730469e+02, 2.973478088378906e+02, 2.973550720214844e+02, 2.963040466308594e+02, 2.954258117675781e+02, 2.962256774902344e+02, 2.973444519042969e+02, 2.976039733886719e+02, 2.977494506835938e+02, 2.978128967285156e+02, 2.977977294921875e+02, 2.978846130371094e+02, 2.977869567871094e+02, 2.975448913574219e+02, 2.974017333984375e+02, 2.974017333984375e+02, 2.9731591796875e+02, 2.973202209472656e+02, 2.97306640625e+02, 2.973762817382812e+02, 2.973458557128906e+02, 2.966432800292969e+02, 2.973319702148438e+02, 2.973145141601562e+02, 2.973413696289062e+02, 2.970850219726562e+02, 2.973516235351562e+02, 2.973116455078125e+02, 2.956648559570312e+02, 2.92998046875e+02, 2.914365539550781e+02]
rooMulSpe.vol.T=[2.931499938964844e+02, 2.901217346191406e+02, 2.894354553222656e+02, 2.891847534179688e+02, 2.919067993164062e+02, 2.943965454101562e+02, 2.966376342773438e+02, 2.965756225585938e+02, 2.964868774414062e+02, 2.963068237304688e+02, 2.963034362792969e+02, 2.963028259277344e+02, 2.964989624023438e+02, 2.968374328613281e+02, 2.966323852539062e+02, 2.953248291015625e+02, 2.941252136230469e+02, 2.94507568359375e+02, 2.959963989257812e+02, 2.964527282714844e+02, 2.968600158691406e+02, 2.969129638671875e+02, 2.967055358886719e+02, 2.966930847167969e+02, 2.970193176269531e+02, 2.968230590820312e+02, 2.965931091308594e+02, 2.965966186523438e+02, 2.9692431640625e+02, 2.967169799804688e+02, 2.966432800292969e+02, 2.966429138183594e+02, 2.964334716796875e+02, 2.965677795410156e+02, 2.969798889160156e+02, 2.97149658203125e+02, 2.977894897460938e+02, 2.988044738769531e+02, 2.9840283203125e+02, 2.978404846191406e+02, 2.964108276367188e+02, 2.968822326660156e+02, 2.965471801757812e+02, 2.968237609863281e+02, 2.963724975585938e+02, 2.965711975097656e+02, 2.962950744628906e+02, 2.965698547363281e+02, 2.967268371582031e+02, 2.970008850097656e+02, 2.985200805664062e+02, 2.991807250976562e+02, 2.990827941894531e+02, 2.982315673828125e+02, 2.968146667480469e+02, 2.966375732421875e+02, 2.956830749511719e+02, 2.962842712402344e+02, 2.964255065917969e+02, 2.966976928710938e+02, 2.965719909667969e+02, 2.967492065429688e+02, 2.966714477539062e+02, 2.966575012207031e+02, 2.967769470214844e+02, 2.969135131835938e+02, 2.968569641113281e+02, 2.968543090820312e+02, 2.967323608398438e+02, 2.967864379882812e+02, 2.968634948730469e+02, 2.96439208984375e+02, 2.967045288085938e+02, 2.961236267089844e+02, 2.954206848144531e+02, 2.962255554199219e+02, 2.963519287109375e+02, 2.969037475585938e+02, 2.967146911621094e+02, 2.964867248535156e+02, 2.967374877929688e+02, 2.964054870605469e+02, 2.964292602539062e+02, 2.965717468261719e+02, 2.967837524414062e+02, 2.96852294921875e+02, 2.968275146484375e+02, 2.963619689941406e+02, 2.966426391601562e+02, 2.968543701171875e+02, 2.966573181152344e+02, 2.957539672851562e+02, 2.964819030761719e+02, 2.965146179199219e+02, 2.968453063964844e+02, 2.967279052734375e+02, 2.963934020996094e+02, 2.966985168457031e+02, 2.95655517578125e+02, 2.929978942871094e+02, 2.914365539550781e+02]
time=[1.58112e+07, 1.6416e+07]
rooVarSpe.vol.Xi[1]=[9.999999776482582e-03, 8.491280488669872e-03, 8.055155165493488e-03, 7.528989110141993e-03, 8.147278800606728e-03, 7.8685088083148e-03, 7.909165695309639e-03, 6.951605435460806e-03, 7.647456135600805e-03, 7.943144999444485e-03, 8.170376531779766e-03, 8.494234643876553e-03, 9.478691034018993e-03, 9.461876004934311e-03, 9.254314005374908e-03, 8.189513348042965e-03, 9.030623361468315e-03, 1.016542129218578e-02, 1.099788025021553e-02, 1.091080810874701e-02, 1.176175195723772e-02, 1.213980838656425e-02, 1.20576499029994e-02, 1.197096984833479e-02, 1.169932447373867e-02, 1.244397275149822e-02, 1.290067937225103e-02, 1.361307222396135e-02, 1.323527656495571e-02, 1.342265494167805e-02, 1.252424251288176e-02, 1.20852580294013e-02, 1.303657796233892e-02, 1.318692415952682e-02, 1.265351381152868e-02, 1.224074233323336e-02, 1.174534764140844e-02, 1.170630007982254e-02, 1.176988705992699e-02, 1.170647609978914e-02, 1.235020533204079e-02, 1.286293659359217e-02, 1.244632061570883e-02, 1.13788666203618e-02, 1.137649267911911e-02, 1.353732775896788e-02, 1.341421157121658e-02, 1.314185652881861e-02, 1.337236352264881e-02, 1.321344450116158e-02, 1.284053549170494e-02, 1.280849426984787e-02, 1.295944675803185e-02, 1.240601856261492e-02, 1.360644865781069e-02, 1.484243851155043e-02, 1.268699392676353e-02, 1.445653662085533e-02, 1.471497397869825e-02, 1.52362072840333e-02, 1.457475963979959e-02, 1.324707083404064e-02, 1.266866084188223e-02, 1.069578249007463e-02, 8.096375502645969e-03, 8.974209427833557e-03, 8.559580892324448e-03, 1.027038879692554e-02, 1.158071961253881e-02, 1.154762599617243e-02, 1.066471263766289e-02, 1.15139577537775e-02, 1.350634079426527e-02, 1.328172162175179e-02, 1.27222528681159e-02, 1.41633041203022e-02, 1.522450242191553e-02, 1.48214427754283e-02, 1.421363465487957e-02, 1.384360436350107e-02, 1.459463126957417e-02, 1.404312811791897e-02, 1.443035528063774e-02, 1.332167070358992e-02, 1.600464433431625e-02, 1.600879058241844e-02, 1.565561443567276e-02, 1.561105251312256e-02, 1.446184609085321e-02, 1.507608592510223e-02, 1.452495250850916e-02, 1.258539780974388e-02, 1.170971896499395e-02, 1.159110106527805e-02, 1.065597590059042e-02, 1.116577163338661e-02, 9.269017726182938e-03, 7.675904780626297e-03, 7.89291225373745e-03, 8.873536251485348e-03, 8.522684685885906e-03]
rooMulSpe.vol.Xi[1]=[9.999999776482582e-03, 8.491280488669872e-03, 8.055155165493488e-03, 7.528989110141993e-03, 8.147278800606728e-03, 7.8685088083148e-03, 7.909165695309639e-03, 7.017693948000669e-03, 8.105234242975712e-03, 8.15412774682045e-03, 8.386622183024883e-03, 8.784590288996696e-03, 9.505685418844223e-03, 9.528527967631817e-03, 9.277875535190105e-03, 8.189513348042965e-03, 9.030623361468315e-03, 1.016542129218578e-02, 1.099788025021553e-02, 1.128412876278162e-02, 1.256722770631313e-02, 1.269523613154888e-02, 1.148565299808979e-02, 1.131929829716682e-02, 1.118196919560432e-02, 1.238462049514055e-02, 1.223030872642994e-02, 1.305358950048685e-02, 1.357016339898109e-02, 1.354158762842417e-02, 1.272089127451181e-02, 1.262139435857534e-02, 1.305179949849844e-02, 1.288175489753485e-02, 1.285301614552736e-02, 1.183697767555714e-02, 1.160850562155247e-02, 1.170620042830706e-02, 1.176988612860441e-02, 1.151569467037916e-02, 1.147527806460857e-02, 1.300980150699615e-02, 1.204500254243612e-02, 1.211910787969828e-02, 1.131187099963427e-02, 1.318530179560184e-02, 1.291669253259897e-02, 1.300002448260784e-02, 1.289406698197126e-02, 1.264296937733889e-02, 1.283977273851633e-02, 1.280849147588015e-02, 1.295944675803185e-02, 1.240601856261492e-02, 1.382831018418074e-02, 1.486873533576727e-02, 1.271978858858347e-02, 1.373797655105591e-02, 1.446201279759407e-02, 1.535629108548164e-02, 1.475722715258598e-02, 1.353010628372431e-02, 1.281068567186594e-02, 1.137480977922678e-02, 9.152716957032681e-03, 1.031198818236589e-02, 9.95926558971405e-03, 1.160895358771086e-02, 1.276063546538353e-02, 1.104427874088287e-02, 1.078743394464254e-02, 1.151599083095789e-02, 1.362707559019327e-02, 1.330146566033363e-02, 1.272241864353418e-02, 1.416330505162477e-02, 1.4551498927176e-02, 1.482743863016367e-02, 1.358073018491268e-02, 1.278982032090425e-02, 1.383602060377598e-02, 1.29637960344553e-02, 1.322783622890711e-02, 1.318397559225559e-02, 1.593048684298992e-02, 1.607096567749977e-02, 1.577632874250412e-02, 1.455962937325239e-02, 1.469432562589645e-02, 1.530203130096197e-02, 1.459586247801781e-02, 1.290186028927565e-02, 1.178485248237848e-02, 1.170671731233597e-02, 1.164261251688004e-02, 1.074581034481525e-02, 9.125929325819016e-03, 7.710547186434269e-03, 7.892908528447151e-03, 8.873536251485348e-03, 8.522684685885906e-03]
rooSinSpe.vol.Xi[1]=[9.999999776482582e-03, 8.491280488669872e-03, 8.055155165493488e-03, 7.528989110141993e-03, 8.147278800606728e-03, 7.8685088083148e-03, 7.909165695309639e-03, 7.076944224536419e-03, 8.363514207303524e-03, 7.989670149981976e-03, 8.957383222877979e-03, 9.248753078281879e-03, 9.645532816648483e-03, 9.197243489325047e-03, 9.254228323698044e-03, 8.189513348042965e-03, 9.030623361468315e-03, 1.016542129218578e-02, 1.099788025021553e-02, 1.185198593884706e-02, 1.174349430948496e-02, 1.273400988429785e-02, 1.147840917110443e-02, 1.167004927992821e-02, 1.153563801199198e-02, 1.181034650653601e-02, 1.207344606518745e-02, 1.322656031697989e-02, 1.403974369168282e-02, 1.411921344697475e-02, 1.279951725155115e-02, 1.241622027009726e-02, 1.436647400259972e-02, 1.397368032485247e-02, 1.292408723384142e-02, 1.219591964036226e-02, 1.196441054344177e-02, 1.205820124596357e-02, 1.212565321475267e-02, 1.187142916023731e-02, 1.183459814637899e-02, 1.379019860178232e-02, 1.196849532425404e-02, 1.157453563064337e-02, 1.288294047117233e-02, 1.2962331995368e-02, 1.376056112349033e-02, 1.316066924482584e-02, 1.385415811091661e-02, 1.301310677081347e-02, 1.320243068039417e-02, 1.316510606557131e-02, 1.331867463886738e-02, 1.276879198849201e-02, 1.4549370855093e-02, 1.482750847935677e-02, 1.268066186457872e-02, 1.472696010023355e-02, 1.475368533283472e-02, 1.426929514855146e-02, 1.467063557356596e-02, 1.341989357024431e-02, 1.287387311458588e-02, 1.177374832332134e-02, 9.698432870209217e-03, 9.410393424332142e-03, 9.152154438197613e-03, 1.18290213868022e-02, 1.237100828438997e-02, 1.101711019873619e-02, 1.025252789258957e-02, 1.162338722497225e-02, 1.360416505485773e-02, 1.32818128913641e-02, 1.27222528681159e-02, 1.41633041203022e-02, 1.553551573306322e-02, 1.377271488308907e-02, 1.439116895198822e-02, 1.42904631793499e-02, 1.361085474491119e-02, 1.332144904881716e-02, 1.340228319168091e-02, 1.36112691834569e-02, 1.700459979474545e-02, 1.687509752810001e-02, 1.565651409327984e-02, 1.558309607207775e-02, 1.467100530862808e-02, 1.357343792915344e-02, 1.454231049865484e-02, 1.257061958312988e-02, 1.19458856061101e-02, 1.171706523746252e-02, 1.170184835791588e-02, 1.073459535837173e-02, 8.905328810214996e-03, 7.661666721105576e-03, 7.892914116382599e-03, 8.873536251485348e-03, 8.522684685885906e-03]
mulSpePow.y=[0e+00, 0e+00, 0e+00, 0e+00, 0e+00, 0e+00, 0e+00, 2.3117035e+06, 5.9874825e+06, 9.371507e+06, 1.2931115e+07, 1.6721673e+07, 1.927128e+07, 2.0494072e+07, 2.116965e+07, 2.116965e+07, 2.116965e+07, 2.116965e+07, 2.116965e+07, 2.3301724e+07, 2.8785416e+07, 3.9451956e+07, 5.3258588e+07, 7.2360432e+07, 9.2384928e+07, 1.1152788e+08, 1.2825912e+08, 1.42674448e+08, 1.55603968e+08, 1.66963456e+08, 1.76467328e+08, 1.83125392e+08, 1.9044208e+08, 1.98572848e+08, 2.12088336e+08, 2.31231632e+08, 2.51623456e+08, 2.72302848e+08, 2.9301792e+08, 3.1355584e+08, 3.33556928e+08, 3.49277472e+08, 3.62681376e+08, 3.73198848e+08, 3.81741248e+08, 3.86218336e+08, 3.87846592e+08, 3.92962112e+08, 4.05232288e+08, 4.24580064e+08, 4.45397152e+08, 4.6653808e+08, 4.87740896e+08, 5.08696224e+08, 5.27938592e+08, 5.2988224e+08, 5.2988224e+08, 5.30794176e+08, 5.32074752e+08, 5.33035616e+08, 5.34358912e+08, 5.34644512e+08, 5.36122976e+08, 5.38919104e+08, 5.44603136e+08, 5.52963072e+08, 5.59143104e+08, 5.64227584e+08, 5.67438656e+08, 5.69676672e+08, 5.72111872e+08, 5.73681344e+08, 5.74814464e+08, 5.75095744e+08, 5.75095744e+08, 5.75095744e+08, 5.76362432e+08, 5.8381248e+08, 5.97443968e+08, 6.14549568e+08, 6.31250368e+08, 6.50381056e+08, 6.68676608e+08, 6.81285952e+08, 6.91245952e+08, 6.9904192e+08, 7.0489408e+08, 7.0659808e+08, 7.07924736e+08, 7.08895232e+08, 7.10947264e+08, 7.11950016e+08, 7.12486912e+08, 7.14212224e+08, 7.1673888e+08, 7.19626752e+08, 7.22228544e+08, 7.23624832e+08, 7.23624832e+08, 7.23624832e+08, 7.23624832e+08]
varSpePow.y=[0e+00, 0e+00, 0e+00, 0e+00, 0e+00, 0e+00, 0e+00, 7.576691875e+05, 2.47645025e+06, 3.590176e+06, 5.455591e+06, 7.734283e+06, 8.49585e+06, 8.838579e+06, 8.893341e+06, 8.893341e+06, 8.893341e+06, 8.893341e+06, 8.893341e+06, 9.676663e+06, 1.3776188e+07, 2.2286644e+07, 3.3231166e+07, 4.847646e+07, 6.5513844e+07, 8.1107256e+07, 9.439456e+07, 1.05610416e+08, 1.15605856e+08, 1.2379236e+08, 1.30657112e+08, 1.35774592e+08, 1.408312e+08, 1.46330944e+08, 1.56936688e+08, 1.72292224e+08, 1.91355808e+08, 2.1200912e+08, 2.32724208e+08, 2.53022336e+08, 2.6950704e+08, 2.82351328e+08, 2.92803072e+08, 3.0143792e+08, 3.08277952e+08, 3.11799904e+08, 3.12152448e+08, 3.15301888e+08, 3.24592704e+08, 3.39814528e+08, 3.60169984e+08, 3.8131104e+08, 4.02513856e+08, 4.23469184e+08, 4.41050304e+08, 4.41846464e+08, 4.41846464e+08, 4.419848e+08, 4.42302304e+08, 4.42558208e+08, 4.42812192e+08, 4.42968352e+08, 4.43389216e+08, 4.44887264e+08, 4.49921216e+08, 4.58286464e+08, 4.64609984e+08, 4.6973728e+08, 4.72279328e+08, 4.73650464e+08, 4.74386752e+08, 4.748008e+08, 4.75099296e+08, 4.75118112e+08, 4.75118112e+08, 4.75118112e+08, 4.75309568e+08, 4.79693152e+08, 4.8928336e+08, 5.02403296e+08, 5.1533552e+08, 5.2979344e+08, 5.43939648e+08, 5.535088e+08, 5.59740416e+08, 5.63146752e+08, 5.65382656e+08, 5.65444288e+08, 5.6584416e+08, 5.6617504e+08, 5.66745152e+08, 5.67050048e+08, 5.67171264e+08, 5.67726656e+08, 5.68959936e+08, 5.7057024e+08, 5.71201536e+08, 5.71607872e+08, 5.71607872e+08, 5.71607872e+08, 5.71607872e+08]
sinSpePow.y=[0e+00, 0e+00, 0e+00, 0e+00, 0e+00, 0e+00, 0e+00, 1.795330375e+06, 4.901439e+06, 8.0305695e+06, 1.0854556e+07, 1.4371103e+07, 1.6646874e+07, 1.7611378e+07, 1.7812164e+07, 1.7812164e+07, 1.7812164e+07, 1.7812164e+07, 1.7812164e+07, 1.930907e+07, 2.4455326e+07, 3.370146e+07, 4.6405092e+07, 6.4428064e+07, 8.2600096e+07, 1.00647256e+08, 1.16347344e+08, 1.29324008e+08, 1.41060064e+08, 1.51129536e+08, 1.59531712e+08, 1.65017056e+08, 1.7071824e+08, 1.77640944e+08, 1.90173504e+08, 2.08260768e+08, 2.26713616e+08, 2.45403072e+08, 2.64124528e+08, 2.8269232e+08, 3.00848896e+08, 3.15601344e+08, 3.28018848e+08, 3.3747872e+08, 3.442656e+08, 3.4809728e+08, 3.49181152e+08, 3.53599552e+08, 3.64494528e+08, 3.82746464e+08, 4.01486016e+08, 4.20473408e+08, 4.39519232e+08, 4.58378656e+08, 4.75688064e+08, 4.7705456e+08, 4.7705456e+08, 4.775664e+08, 4.78111136e+08, 4.79193184e+08, 4.79748128e+08, 4.80224704e+08, 4.81211232e+08, 4.8334896e+08, 4.88544768e+08, 4.96219776e+08, 5.01379872e+08, 5.05693792e+08, 5.08742688e+08, 5.10839072e+08, 5.13029824e+08, 5.14095616e+08, 5.1502656e+08, 5.1502656e+08, 5.1502656e+08, 5.1502656e+08, 5.15561344e+08, 5.22327232e+08, 5.34328384e+08, 5.50031104e+08, 5.6601408e+08, 5.84353472e+08, 6.01945472e+08, 6.133104e+08, 6.21756096e+08, 6.28324096e+08, 6.33096128e+08, 6.33096128e+08, 6.3422208e+08, 6.353328e+08, 6.36477056e+08, 6.37041856e+08, 6.37482048e+08, 6.38899264e+08, 6.40972224e+08, 6.43587136e+08, 6.45902208e+08, 6.4666144e+08, 6.4666144e+08, 6.4666144e+08, 6.4666144e+08]
