last-generated=2020-08-11
statistics-initialization=
{
  "linear": "0",
  "nonlinear": "1",
  "numerical Jacobians": "0"
}
statistics-simulation=
{
  "linear": " ",
  "nonlinear": "1",
  "number of continuous time states": "13",
  "numerical Jacobians": "0"
}
time=[0e+00, 8.64e+04]
coo.sta_a1.T=[2.791499938964844e+02, 2.792752685546875e+02, 2.793985595703125e+02, 2.795179443359375e+02, 2.796315307617188e+02, 2.797375183105469e+02, 2.798342590332031e+02, 2.799202270507812e+02, 2.799940490722656e+02, 2.800545959472656e+02, 2.801008605957031e+02, 2.801321411132812e+02, 2.801479797363281e+02, 2.801480712890625e+02, 2.801324462890625e+02, 2.801013488769531e+02, 2.800552673339844e+02, 2.799949035644531e+02, 2.799212341308594e+02, 2.798354187011719e+02, 2.797388305664062e+02, 2.796329345703125e+02, 2.795194396972656e+02, 2.794001159667969e+02, 2.7927685546875e+02, 2.791515808105469e+02, 2.790263061523438e+02, 2.789029846191406e+02, 2.787835388183594e+02, 2.786698608398438e+02, 2.785637512207031e+02, 2.784668884277344e+02, 2.783807983398438e+02, 2.783067932128906e+02, 2.7824609375e+02, 2.781996459960938e+02, 2.781681518554688e+02, 2.781521301269531e+02, 2.781518249511719e+02, 2.78167236328125e+02, 2.781981506347656e+02, 2.782440490722656e+02, 2.783042297363281e+02, 2.783777465820312e+02, 2.784634094238281e+02, 2.785599060058594e+02, 2.786656799316406e+02, 2.787790832519531e+02, 2.788983459472656e+02, 2.790215759277344e+02, 2.791468200683594e+02, 2.792720947265625e+02, 2.793954772949219e+02, 2.795149841308594e+02, 2.796287231445312e+02, 2.797349548339844e+02, 2.798319396972656e+02, 2.799181823730469e+02, 2.799923400878906e+02, 2.8005322265625e+02, 2.80099853515625e+02, 2.801315612792969e+02, 2.801477661132812e+02, 2.801482849121094e+02, 2.80133056640625e+02, 2.801023254394531e+02, 2.800566101074219e+02, 2.799966125488281e+02, 2.799232788085938e+02, 2.798377380371094e+02, 2.797413940429688e+02, 2.796357116699219e+02, 2.795223999023438e+02, 2.794031982421875e+02, 2.792799987792969e+02, 2.7915478515625e+02, 2.790294799804688e+02, 2.789060668945312e+02, 2.787864990234375e+02, 2.786726684570312e+02, 2.785663452148438e+02, 2.7846923828125e+02, 2.783828125e+02, 2.783085021972656e+02, 2.782474670410156e+02, 2.782006225585938e+02, 2.781687622070312e+02, 2.7815234375e+02, 2.781516418457031e+02, 2.781666564941406e+02, 2.781971740722656e+02, 2.782427062988281e+02, 2.783025512695312e+02, 2.78375732421875e+02, 2.784610900878906e+02, 2.785573425292969e+02, 2.786629028320312e+02, 2.78776123046875e+02, 2.78895263671875e+02, 2.790184020996094e+02, 2.791436157226562e+02]
coo.sta_b1.T=[2.931499938964844e+02, 2.894736633300781e+02, 2.891449279785156e+02, 2.893971252441406e+02, 2.893344421386719e+02, 2.88724853515625e+02, 2.8895361328125e+02, 2.891436767578125e+02, 2.891489868164062e+02, 2.891482849121094e+02, 2.891473693847656e+02, 2.89146484375e+02, 2.891468505859375e+02, 2.891478271484375e+02, 2.891341552734375e+02, 2.891408386230469e+02, 2.89140380859375e+02, 2.891394653320312e+02, 2.891386108398438e+02, 2.891377563476562e+02, 2.891371154785156e+02, 2.891365661621094e+02, 2.891361694335938e+02, 2.891358642578125e+02, 2.891356811523438e+02, 2.891356506347656e+02, 2.890773010253906e+02, 2.891246337890625e+02, 2.891258239746094e+02, 2.891258544921875e+02, 2.891258850097656e+02, 2.891259765625e+02, 2.891260986328125e+02, 2.891262512207031e+02, 2.891264343261719e+02, 2.891265869140625e+02, 2.891267700195312e+02, 2.891268920898438e+02, 2.891269836425781e+02, 2.891270141601562e+02, 2.891269836425781e+02, 2.891268615722656e+02, 2.891266479492188e+02, 2.891262817382812e+02, 2.891257934570312e+02, 2.891251525878906e+02, 2.891242980957031e+02, 2.891232299804688e+02, 2.891219482421875e+02, 2.89120361328125e+02, 2.891184387207031e+02, 2.892950134277344e+02, 2.8928173828125e+02, 2.892618713378906e+02, 2.892472839355469e+02, 2.892360534667969e+02, 2.892270812988281e+02, 2.892196044921875e+02, 2.892132568359375e+02, 2.892077331542969e+02, 2.892028198242188e+02, 2.891983947753906e+02, 2.891943359375e+02, 2.891905212402344e+02, 2.8918701171875e+02, 2.891838684082031e+02, 2.891810302734375e+02, 2.891783752441406e+02, 2.891759033203125e+02, 2.89173828125e+02, 2.891719360351562e+02, 2.891702880859375e+02, 2.891688537597656e+02, 2.891676330566406e+02, 2.891665954589844e+02, 2.891657409667969e+02, 2.891343688964844e+02, 2.89133544921875e+02, 2.891337280273438e+02, 2.89134033203125e+02, 2.891344299316406e+02, 2.891349182128906e+02, 2.891354370117188e+02, 2.891360168457031e+02, 2.891366577148438e+02, 2.891372985839844e+02, 2.891380004882812e+02, 2.89138671875e+02, 2.891393737792969e+02, 2.891400756835938e+02, 2.891407470703125e+02, 2.891413879394531e+02, 2.891419982910156e+02, 2.891425476074219e+02, 2.8914306640625e+02, 2.891434936523438e+02, 2.891438293457031e+02, 2.891441040039062e+02, 2.89144287109375e+02, 2.891443481445312e+02, 2.89144287109375e+02]
coo.sta_a2.T=[2.931499938964844e+02, 2.890951843261719e+02, 2.891849670410156e+02, 2.893957824707031e+02, 2.893336486816406e+02, 2.887264099121094e+02, 2.889635314941406e+02, 2.891439819335938e+02, 2.891489868164062e+02, 2.891482543945312e+02, 2.891473693847656e+02, 2.89146484375e+02, 2.891469421386719e+02, 2.891477355957031e+02, 2.891341247558594e+02, 2.891408386230469e+02, 2.891403503417969e+02, 2.891394653320312e+02, 2.891385803222656e+02, 2.891377258300781e+02, 2.891370849609375e+02, 2.891365661621094e+02, 2.891361389160156e+02, 2.891358642578125e+02, 2.891356811523438e+02, 2.891356506347656e+02, 2.890823974609375e+02, 2.89124755859375e+02, 2.891258239746094e+02, 2.891258544921875e+02, 2.891258850097656e+02, 2.891259765625e+02, 2.891260986328125e+02, 2.891262817382812e+02, 2.891264343261719e+02, 2.891266174316406e+02, 2.891267700195312e+02, 2.891268920898438e+02, 2.891269836425781e+02, 2.891270141601562e+02, 2.891269836425781e+02, 2.891268615722656e+02, 2.891266174316406e+02, 2.891262817382812e+02, 2.891257629394531e+02, 2.891250915527344e+02, 2.891242370605469e+02, 2.891231689453125e+02, 2.891218566894531e+02, 2.891202392578125e+02, 2.891182861328125e+02, 2.892966003417969e+02, 2.892806701660156e+02, 2.892611999511719e+02, 2.89246826171875e+02, 2.892357482910156e+02, 2.892268371582031e+02, 2.892194519042969e+02, 2.892131042480469e+02, 2.892076110839844e+02, 2.892027282714844e+02, 2.891983032226562e+02, 2.891942749023438e+02, 2.891904602050781e+02, 2.891869812011719e+02, 2.89183837890625e+02, 2.891809692382812e+02, 2.891783447265625e+02, 2.891758728027344e+02, 2.891737976074219e+02, 2.891719360351562e+02, 2.891702880859375e+02, 2.891688537597656e+02, 2.891676025390625e+02, 2.891665649414062e+02, 2.891657409667969e+02, 2.891343383789062e+02, 2.89133544921875e+02, 2.891337280273438e+02, 2.89134033203125e+02, 2.891344299316406e+02, 2.891349182128906e+02, 2.891354370117188e+02, 2.891360168457031e+02, 2.891366577148438e+02, 2.891373291015625e+02, 2.891380004882812e+02, 2.891387023925781e+02, 2.89139404296875e+02, 2.891400756835938e+02, 2.891407470703125e+02, 2.891413879394531e+02, 2.891419982910156e+02, 2.891425476074219e+02, 2.8914306640625e+02, 2.891434936523438e+02, 2.891438598632812e+02, 2.891441040039062e+02, 2.89144287109375e+02, 2.891443481445312e+02, 2.89144287109375e+02]
coo.sta_b2.T=[2.931499938964844e+02, 2.792377014160156e+02, 2.802522583007812e+02, 2.80365478515625e+02, 2.803118591308594e+02, 2.797319030761719e+02, 2.799931640625e+02, 2.801455993652344e+02, 2.80149658203125e+02, 2.8014892578125e+02, 2.801480102539062e+02, 2.801471557617188e+02, 2.801479187011719e+02, 2.801481018066406e+02, 2.801350402832031e+02, 2.801416015625e+02, 2.801410522460938e+02, 2.801401672363281e+02, 2.801392822265625e+02, 2.801384582519531e+02, 2.801378173828125e+02, 2.801372985839844e+02, 2.801369018554688e+02, 2.801366271972656e+02, 2.80136474609375e+02, 2.801364440917969e+02, 2.80098388671875e+02, 2.801271667480469e+02, 2.801278991699219e+02, 2.801279602050781e+02, 2.801280822753906e+02, 2.801282348632812e+02, 2.801284484863281e+02, 2.80128662109375e+02, 2.8012890625e+02, 2.80129150390625e+02, 2.8012939453125e+02, 2.801296081542969e+02, 2.801297912597656e+02, 2.801299133300781e+02, 2.801299743652344e+02, 2.801299438476562e+02, 2.801298217773438e+02, 2.801296081542969e+02, 2.801292114257812e+02, 2.801286926269531e+02, 2.801279602050781e+02, 2.801270446777344e+02, 2.801258544921875e+02, 2.801244201660156e+02, 2.801226196289062e+02, 2.802825927734375e+02, 2.80263671875e+02, 2.802474060058594e+02, 2.802352600097656e+02, 2.802257385253906e+02, 2.802179870605469e+02, 2.802114868164062e+02, 2.802059020996094e+02, 2.802010192871094e+02, 2.801966552734375e+02, 2.801926574707031e+02, 2.801889953613281e+02, 2.801855163574219e+02, 2.801823120117188e+02, 2.80179443359375e+02, 2.801768188476562e+02, 2.801743774414062e+02, 2.80172119140625e+02, 2.801701965332031e+02, 2.801684875488281e+02, 2.801669921875e+02, 2.801656799316406e+02, 2.801645812988281e+02, 2.801636657714844e+02, 2.801629333496094e+02, 2.801353149414062e+02, 2.801346435546875e+02, 2.801348571777344e+02, 2.801351928710938e+02, 2.801355895996094e+02, 2.801360778808594e+02, 2.801366271972656e+02, 2.801372375488281e+02, 2.801378784179688e+02, 2.801385803222656e+02, 2.801392822265625e+02, 2.801399841308594e+02, 2.801407165527344e+02, 2.801414184570312e+02, 2.801421203613281e+02, 2.801427917480469e+02, 2.801434020996094e+02, 2.801439819335938e+02, 2.801445007324219e+02, 2.801449584960938e+02, 2.801453552246094e+02, 2.801456298828125e+02, 2.801458129882812e+02, 2.801459045410156e+02, 2.801458740234375e+02]
coo.port_a1.m_flow=[1.909336890093982e-03, 6.283910870552063e-01, 1.136682987213135e+00, 1.701334476470947e+00, 2.290002584457397e+00, 2.550735235214233e+00, 2.48216986656189e+00, 2.445766687393188e+00, 2.443599224090576e+00, 2.439040422439575e+00, 2.430628061294556e+00, 2.418095111846924e+00, 2.400853157043457e+00, 2.37964916229248e+00, 2.357621669769287e+00, 2.326726198196411e+00, 2.294025182723999e+00, 2.258199691772461e+00, 2.21962308883667e+00, 2.178792476654053e+00, 2.136197566986084e+00, 2.092394113540649e+00, 2.047904253005981e+00, 2.003225326538086e+00, 1.958818078041077e+00, 1.915100574493408e+00, 1.157565593719482e+00, 1.112922787666321e+00, 1.072281718254089e+00, 1.033194303512573e+00, 9.956556558609009e-01, 9.596906304359436e-01, 9.252967834472656e-01, 8.924471139907837e-01, 8.610938191413878e-01, 8.311713933944703e-01, 8.025995492935181e-01, 7.75285542011261e-01, 7.491263747215271e-01, 7.240103483200073e-01, 6.9981849193573e-01, 6.764257550239563e-01, 6.537018418312073e-01, 6.315122246742249e-01, 6.097190976142883e-01, 5.881821513175964e-01, 5.667594075202942e-01, 5.453090071678162e-01, 5.23690938949585e-01, 5.017675161361694e-01, 4.794127345085144e-01, 6.006797552108765e-01, 7.353602647781372e-01, 8.732723593711853e-01, 1.01405930519104e+00, 1.157348513603212e+00, 1.302653908729555e+00, 1.449370622634886e+00, 1.596789836883545e+00, 1.744120836257935e+00, 1.890518188476562e+00, 2.035109996795654e+00, 2.177048921585083e+00, 2.315525531768799e+00, 2.449790000915527e+00, 2.579201459884644e+00, 2.703289747238159e+00, 2.821751117706299e+00, 2.934447288513184e+00, 3.041345834732055e+00, 3.142662048339843e+00, 3.238722085952759e+00, 3.329982757568359e+00, 3.417037725448608e+00, 3.500524759292603e+00, 3.581176280975342e+00, 3.500629425048828e+00, 3.411873817443848e+00, 3.326184749603271e+00, 3.244195938110352e+00, 3.166203260421753e+00, 3.092413425445557e+00, 3.022956609725952e+00, 2.957897901535034e+00, 2.897244930267334e+00, 2.84095573425293e+00, 2.788945436477661e+00, 2.741091728210449e+00, 2.69723916053772e+00, 2.657203197479248e+00, 2.620771646499634e+00, 2.587706565856934e+00, 2.557745695114136e+00, 2.530601024627686e+00, 2.505959749221802e+00, 2.483483791351318e+00, 2.462808609008789e+00, 2.44354248046875e+00, 2.425266027450562e+00, 2.407542705535889e+00, 2.389899730682373e+00]
coo.port_a2.m_flow=[0e+00, 6.266546249389648e-01, 1.24879777431488e+00, 1.860743522644043e+00, 2.462491512298584e+00, 2.549584150314331e+00, 2.528339147567749e+00, 2.507094144821167e+00, 2.485849142074585e+00, 2.464604139328003e+00, 2.443359375e+00, 2.422114372253418e+00, 2.400869369506836e+00, 2.379624366760254e+00, 2.358379364013672e+00, 2.337134599685669e+00, 2.315889596939087e+00, 2.294644594192505e+00, 2.273399591445923e+00, 2.252154588699341e+00, 2.230909824371338e+00, 2.209664821624756e+00, 2.188419818878174e+00, 2.167174816131592e+00, 2.14592981338501e+00, 2.124685049057007e+00, 1.296226501464844e+00, 1.26435911655426e+00, 1.232491612434387e+00, 1.200624227523804e+00, 1.168756723403931e+00, 1.136889338493347e+00, 1.105021953582764e+00, 1.073154449462891e+00, 1.041287064552307e+00, 1.009419560432434e+00, 9.775521755218506e-01, 9.456847310066223e-01, 9.13817286491394e-01, 8.819499015808105e-01, 8.500824570655823e-01, 8.18215012550354e-01, 7.863475680351257e-01, 7.544801831245422e-01, 7.22612738609314e-01, 6.907452940940857e-01, 6.588778495788574e-01, 6.270104050636292e-01, 5.951430201530457e-01, 5.632755756378174e-01, 5.314081311225891e-01, 6.679841876029968e-01, 8.060764074325562e-01, 9.441685676574707e-01, 1.082260847091675e+00, 1.22035300731659e+00, 1.358445167541505e+00, 1.496537446975707e+00, 1.634629607200623e+00, 1.772721767425537e+00, 1.910814046859741e+00, 2.048906326293945e+00, 2.18699836730957e+00, 2.325090646743774e+00, 2.463182926177979e+00, 2.601274967193604e+00, 2.739367246627808e+00, 2.877459526062012e+00, 3.015551567077638e+00, 3.153643846511839e+00, 3.291736125946044e+00, 3.42982816696167e+00, 3.567920446395874e+00, 3.706012725830078e+00, 3.844104766845703e+00, 3.982197046279907e+00, 3.930790424346924e+00, 3.877677917480469e+00, 3.824565649032593e+00, 3.771453142166138e+00, 3.718340873718262e+00, 3.665228366851807e+00, 3.612116098403931e+00, 3.559003591537476e+00, 3.5058913230896e+00, 3.452778816223145e+00, 3.399666547775269e+00, 3.346554040908813e+00, 3.293441772460938e+00, 3.240329265594482e+00, 3.187216997146606e+00, 3.134104490280151e+00, 3.080992221832275e+00, 3.02787971496582e+00, 2.974767446517944e+00, 2.921654939651489e+00, 2.868542671203613e+00, 2.815430164337158e+00, 2.762317895889282e+00, 2.709205389022827e+00, 2.656093120574951e+00]
coo.cheVal.m_flow=[-1.909336890093982e-03, -1.736457226797938e-03, 1.12114854156971e-01, 1.594089865684509e-01, 1.724889725446701e-01, -1.151206321083009e-03, 4.616919532418251e-02, 6.132741272449491e-02, 4.22498807311058e-02, 2.556374296545982e-02, 1.273129787296057e-02, 4.019178450107574e-03, 1.613657695997972e-05, -2.476994632161222e-05, 7.577124051749925e-04, 1.040827855467796e-02, 2.186425030231476e-02, 3.644498810172084e-02, 5.37765845656395e-02, 7.33623132109642e-02, 9.471214562654495e-02, 1.172705739736557e-01, 1.405154764652252e-01, 1.639495044946671e-01, 1.871118694543839e-01, 2.095844298601151e-01, 1.386608630418777e-01, 1.514362692832947e-01, 1.602098792791367e-01, 1.674298793077469e-01, 1.731010973453522e-01, 1.771986782550812e-01, 1.797251403331757e-01, 1.807073801755905e-01, 1.80193230509758e-01, 1.782481968402863e-01, 1.749526411294937e-01, 1.703992187976837e-01, 1.646909564733505e-01, 1.579395532608032e-01, 1.502639353275299e-01, 1.417892873287201e-01, 1.326457560062408e-01, 1.229679435491562e-01, 1.128936260938644e-01, 1.025631502270699e-01, 9.211844950914383e-02, 8.170140534639359e-02, 7.145208865404129e-02, 6.150802597403526e-02, 5.199539661407471e-02, 6.730444729328156e-02, 7.071612030267715e-02, 7.089623063802719e-02, 6.820150464773178e-02, 6.300452351570124e-02, 5.579131096601479e-02, 4.716675356030472e-02, 3.783974796533585e-02, 2.860097773373127e-02, 2.029579505324364e-02, 1.379616279155016e-02, 9.949555620551109e-03, 9.565072134137154e-03, 1.339281909167767e-02, 2.207348123192787e-02, 3.607757389545441e-02, 5.570827424526215e-02, 8.110444247722651e-02, 1.122979223728177e-01, 1.490740329027173e-01, 1.911062002182007e-01, 2.379375845193863e-01, 2.889749705791473e-01, 3.435801267623901e-01, 4.010207653045654e-01, 4.301609694957733e-01, 4.658041596412659e-01, 4.983808696269989e-01, 5.272573232650757e-01, 5.521374344825745e-01, 5.7281494140625e-01, 5.891594886779785e-01, 6.011056303977966e-01, 6.086462140083313e-01, 6.118231415748596e-01, 6.107210516929626e-01, 6.054624319076538e-01, 5.962024927139282e-01, 5.831260085105896e-01, 5.664452910423279e-01, 5.463979244232178e-01, 5.232465863227844e-01, 4.972786605358124e-01, 4.688076376914978e-01, 4.381711184978485e-01, 4.057339429855347e-01, 3.718878924846649e-01, 3.370517194271088e-01, 3.016628324985504e-01, 2.661933600902557e-01]
coo.conVal.y=[1e+00, 6.083824038505554e-01, 4.599384963512421e-01, 5.623126029968262e-01, 6.378231644630432e-01, 7.813414335250854e-01, 6.576874852180481e-01, 6.54079258441925e-01, 6.539831757545471e-01, 6.536204814910889e-01, 6.528684496879578e-01, 6.517321467399597e-01, 6.505347490310669e-01, 6.502504348754883e-01, 6.454192399978638e-01, 6.416898965835571e-01, 6.379241943359375e-01, 6.337783336639404e-01, 6.29252552986145e-01, 6.243566870689392e-01, 6.191657185554504e-01, 6.137387752532959e-01, 6.081262230873108e-01, 6.023802757263184e-01, 5.965533256530762e-01, 5.906972885131836e-01, 4.6219602227211e-01, 4.521209895610809e-01, 4.425735771656036e-01, 4.330508410930634e-01, 4.235675930976868e-01, 4.141475260257721e-01, 4.048095047473907e-01, 3.955672681331635e-01, 3.864292204380035e-01, 3.773983716964722e-01, 3.684720098972321e-01, 3.596417903900146e-01, 3.508934080600739e-01, 3.422063589096069e-01, 3.335537016391754e-01, 3.249017000198364e-01, 3.162094354629517e-01, 3.074281215667725e-01, 2.985008060932159e-01, 2.89361298084259e-01, 2.79933363199234e-01, 2.701298296451569e-01, 2.598511576652527e-01, 2.48982772231102e-01, 2.373853176832199e-01, 2.961374819278717e-01, 3.476627469062805e-01, 3.91482412815094e-01, 4.296214282512665e-01, 4.633769392967227e-01, 4.936054050922396e-01, 5.208958983421323e-01, 5.456767082214355e-01, 5.682670474052429e-01, 5.889105200767517e-01, 6.077945232391357e-01, 6.250597238540649e-01, 6.408035159111023e-01, 6.55127227306366e-01, 6.681666374206543e-01, 6.800475120544434e-01, 6.908618807792664e-01, 7.006719112396241e-01, 7.096170783042907e-01, 7.17798888683319e-01, 7.253069877624512e-01, 7.322286367416382e-01, 7.386507987976074e-01, 7.446534633636475e-01, 7.503154873847961e-01, 7.442092299461365e-01, 7.375568747520447e-01, 7.309795618057251e-01, 7.245357036590576e-01, 7.182625532150269e-01, 7.121927738189697e-01, 7.063546180725098e-01, 7.007721066474915e-01, 6.954648494720459e-01, 6.904481053352356e-01, 6.857327818870544e-01, 6.813254356384277e-01, 6.772283315658569e-01, 6.734394431114197e-01, 6.699523329734802e-01, 6.667564511299133e-01, 6.638367176055908e-01, 6.611738204956055e-01, 6.587440371513367e-01, 6.5651935338974e-01, 6.544673442840576e-01, 6.525512337684631e-01, 6.507300138473511e-01, 6.489592790603638e-01, 6.471895575523376e-01]
coo.Q_flow=[0e+00, 2.6917880859375e+04, 4.633329296875e+04, 7.03266484375e+04, 9.29696875e+04, 9.59151015625e+04, 9.469878125e+04, 9.4385140625e+04, 9.360125e+04, 9.28015703125e+04, 9.20013671875e+04, 9.12011875e+04, 9.03953359375e+04, 8.96055703125e+04, 8.879521875e+04, 8.79989921875e+04, 8.7199859375e+04, 8.6399671875e+04, 8.55994296875e+04, 8.4799109375e+04, 8.39988828125e+04, 8.31986484375e+04, 8.23984453125e+04, 8.15982578125e+04, 8.07980859375e+04, 7.99980078125e+04, 4.86747734375e+04, 4.759480859375e+04, 4.639810546874999e+04, 4.5198234375e+04, 4.399832421875e+04, 4.27984453125e+04, 4.15986015625e+04, 4.039878515625e+04, 3.919899609374999e+04, 3.799923046875001e+04, 3.679948828125e+04, 3.559976171875e+04, 3.4400046875e+04, 3.320034765625e+04, 3.2000654296875e+04, 3.0800962890625e+04, 2.960127734375e+04, 2.84015859375e+04, 2.720189453125e+04, 2.6002205078125e+04, 2.48025078125e+04, 2.360280078125e+04, 2.240308984375e+04, 2.1203341796875e+04, 2.000372265625e+04, 2.51915390625e+04, 3.0419837890625e+04, 3.56150546875e+04, 4.0811703125e+04, 4.600946875000004e+04, 5.120791406250004e+04, 5.640673046874996e+04, 6.160577734375e+04, 6.68050078125e+04, 7.2004359375e+04, 7.72037265625e+04, 8.24032734375e+04, 8.7602828125e+04, 9.28023125e+04, 9.80018125e+04, 1.03201421875e+05, 1.084009140625e+05, 1.136002578125e+05, 1.188000625e+05, 1.239998828125e+05, 1.291996328125e+05, 1.34399078125e+05, 1.39599046875e+05, 1.44798765625e+05, 1.49998625e+05, 1.48000671875e+05, 1.45998015625e+05, 1.439979375e+05, 1.41997953125e+05, 1.3999803125e+05, 1.37998125e+05, 1.35998265625e+05, 1.339984375e+05, 1.31998625e+05, 1.29998828125e+05, 1.279990546875e+05, 1.25999296875e+05, 1.23999546875e+05, 1.21999828125e+05, 1.200000625e+05, 1.180002421875e+05, 1.160004453125e+05, 1.1400071875e+05, 1.120006328125e+05, 1.10000984375e+05, 1.080011328125e+05, 1.06000953125e+05, 1.040018984375e+05, 1.020018359375e+05, 1.000026171875e+05]
coo.E=[0e+00, 1.4420052e+07, 4.4999684e+07, 9.5649528e+07, 1.66224e+08, 2.49663248e+08, 3.3209248e+08, 4.138756160000001e+08, 4.95089184e+08, 5.75615296e+08, 6.55450176e+08, 7.34593664e+08, 8.13044672e+08, 8.90804224e+08, 9.678823680000001e+08, 1.044254784e+09, 1.119940992e+09, 1.194935936e+09, 1.269239552e+09, 1.34285184e+09, 1.415772544e+09, 1.48800192e+09, 1.55953984e+09, 1.630386432e+09, 1.700541568e+09, 1.770005504e+09, 1.812721664e+09, 1.854336e+09, 1.894941696e+09, 1.93451136e+09, 1.973044224e+09, 2.010540416e+09, 2.046999936e+09, 2.082422784e+09, 2.116809088e+09, 2.150158592e+09, 2.18247168e+09, 2.213748224e+09, 2.243988224e+09, 2.273191424e+09, 2.301358336e+09, 2.328488704e+09, 2.354582528e+09, 2.379639552e+09, 2.403660288e+09, 2.42664448e+09, 2.448592128e+09, 2.469503232e+09, 2.489377792e+09, 2.508215808e+09, 2.52601728e+09, 2.545421824e+09, 2.56945408e+09, 2.597981184e+09, 2.630997504e+09, 2.668504064e+09, 2.710501888e+09, 2.756991488e+09, 2.807972864e+09, 2.863446272e+09, 2.923411968e+09, 2.987869696e+09, 3.056819968e+09, 3.130262784e+09, 3.208197632e+09, 3.290625024e+09, 3.37754496e+09, 3.468957184e+09, 3.564861696000001e+09, 3.665259007999999e+09, 3.770148607999999e+09, 3.879530496e+09, 3.993405184e+09, 4.111772416e+09, 4.234632192e+09, 4.361985024e+09, 4.490740224e+09, 4.617746944e+09, 4.743025152e+09, 4.866575872e+09, 4.98839808e+09, 5.108492288e+09, 5.226858496e+09, 5.343497216e+09, 5.458407936e+09, 5.571590656e+09, 5.683045888e+09, 5.79277312e+09, 5.900772864e+09, 6.007044608e+09, 6.111588352e+09, 6.214404608e+09, 6.315492864e+09, 6.414853632e+09, 6.5124864e+09, 6.608391168e+09, 6.702568448e+09, 6.795017728e+09, 6.88573952e+09, 6.9747328e+09, 7.061998592e+09]
