last-generated=2019-04-10
statistics-initialization=
{
  "linear": "19",
  "nonlinear": "14, 1, 1",
  "numerical Jacobians": "0"
}
statistics-simulation=
{
  "linear": "0, 0, 11, 0, 0, 0, 0, 0, 0, 0, 0, 0, 0",
  "nonlinear": "1, 1",
  "number of continuous time states": "59",
  "numerical Jacobians": "0"
}
con.TSetRooCoo=[3.031499938964844e+02, 3.031499938964844e+02, 3.031499938964844e+02, 3.031499938964844e+02, 3.031499938964844e+02, 3.031499938964844e+02, 2.981499938964844e+02, 2.981499938964844e+02, 2.981499938964844e+02, 2.981499938964844e+02, 2.981499938964844e+02, 2.981499938964844e+02, 2.981499938964844e+02, 3.031499938964844e+02, 3.031499938964844e+02, 3.031499938964844e+02, 3.031499938964844e+02, 3.031499938964844e+02, 3.031499938964844e+02, 3.031499938964844e+02, 3.031499938964844e+02, 3.031499938964844e+02, 3.031499938964844e+02, 3.018944383409288e+02, 2.981499938964844e+02, 2.981499938964844e+02, 2.981499938964844e+02, 2.981499938964844e+02, 2.981499938964844e+02, 2.981499938964844e+02, 2.998966393365571e+02, 3.031499938964844e+02, 3.031499938964844e+02, 3.031499938964844e+02, 3.031499938964844e+02, 3.031499938964844e+02, 3.031499938964844e+02, 3.031499938964844e+02, 3.031499938964844e+02, 3.031499938964844e+02, 3.027055494520399e+02, 2.981499938964844e+02, 2.981499938964844e+02, 2.981499938964844e+02, 2.981499938964844e+02, 2.981499938964844e+02, 2.981499938964844e+02, 2.981499938964844e+02, 3.031499938964844e+02, 3.031499938964844e+02, 3.031499938964844e+02, 3.031499938964844e+02, 3.031499938964844e+02, 3.031499938964844e+02, 3.031499938964844e+02, 3.031499938964844e+02, 3.031499938964844e+02, 3.031499938964844e+02, 2.981499938964844e+02, 2.981499938964844e+02, 2.981499938964844e+02, 2.981499938964844e+02, 2.981499938964844e+02, 2.981499938964844e+02, 2.981499938964844e+02, 3.031499938964844e+02, 3.031499938964844e+02, 3.031499938964844e+02, 3.031499938964844e+02, 3.031499938964844e+02, 3.031499938964844e+02, 3.031499938964844e+02, 3.031499938964844e+02, 3.031499938964844e+02, 3.031499938964844e+02, 2.981499938964844e+02, 2.981499938964844e+02, 2.981499938964844e+02, 2.981499938964844e+02, 2.981499938964844e+02, 2.981499938964844e+02, 2.981499938964844e+02, 3.031499938964844e+02, 3.031499938964844e+02, 3.031499938964844e+02, 3.031499938964844e+02, 3.031499938964844e+02, 3.031499938964844e+02, 3.031499938964844e+02, 3.031499938964844e+02, 3.031499938964844e+02, 3.031499938964844e+02, 2.981499938964844e+02, 2.981499938964844e+02, 2.981499938964844e+02, 2.981499938964844e+02, 2.981499938964844e+02, 2.981499938964844e+02, 2.981499938964844e+02, 3.031499938964844e+02, 3.031499938964844e+02]
con.TSetRooHea=[2.881499938964844e+02, 2.881499938964844e+02, 2.881499938964844e+02, 2.881499938964844e+02, 2.881499938964844e+02, 2.881499938964844e+02, 2.931499938964844e+02, 2.931499938964844e+02, 2.931499938964844e+02, 2.931499938964844e+02, 2.931499938964844e+02, 2.931499938964844e+02, 2.931499938964844e+02, 2.881499938964844e+02, 2.881499938964844e+02, 2.881499938964844e+02, 2.881499938964844e+02, 2.881499938964844e+02, 2.881499938964844e+02, 2.881499938964844e+02, 2.881499938964844e+02, 2.881499938964844e+02, 2.881499938964844e+02, 2.894055494520399e+02, 2.931499938964844e+02, 2.931499938964844e+02, 2.931499938964844e+02, 2.931499938964844e+02, 2.931499938964844e+02, 2.931499938964844e+02, 2.914033484564116e+02, 2.881499938964844e+02, 2.881499938964844e+02, 2.881499938964844e+02, 2.881499938964844e+02, 2.881499938964844e+02, 2.881499938964844e+02, 2.881499938964844e+02, 2.881499938964844e+02, 2.881499938964844e+02, 2.885944383409288e+02, 2.931499938964844e+02, 2.931499938964844e+02, 2.931499938964844e+02, 2.931499938964844e+02, 2.931499938964844e+02, 2.931499938964844e+02, 2.931499938964844e+02, 2.881499938964844e+02, 2.881499938964844e+02, 2.881499938964844e+02, 2.881499938964844e+02, 2.881499938964844e+02, 2.881499938964844e+02, 2.881499938964844e+02, 2.881499938964844e+02, 2.881499938964844e+02, 2.881499938964844e+02, 2.931499938964844e+02, 2.931499938964844e+02, 2.931499938964844e+02, 2.931499938964844e+02, 2.931499938964844e+02, 2.931499938964844e+02, 2.931499938964844e+02, 2.881499938964844e+02, 2.881499938964844e+02, 2.881499938964844e+02, 2.881499938964844e+02, 2.881499938964844e+02, 2.881499938964844e+02, 2.881499938964844e+02, 2.881499938964844e+02, 2.881499938964844e+02, 2.881499938964844e+02, 2.931499938964844e+02, 2.931499938964844e+02, 2.931499938964844e+02, 2.931499938964844e+02, 2.931499938964844e+02, 2.931499938964844e+02, 2.931499938964844e+02, 2.881499938964844e+02, 2.881499938964844e+02, 2.881499938964844e+02, 2.881499938964844e+02, 2.881499938964844e+02, 2.881499938964844e+02, 2.881499938964844e+02, 2.881499938964844e+02, 2.881499938964844e+02, 2.881499938964844e+02, 2.931499938964844e+02, 2.931499938964844e+02, 2.931499938964844e+02, 2.931499938964844e+02, 2.931499938964844e+02, 2.931499938964844e+02, 2.931499938964844e+02, 2.881499938964844e+02, 2.881499938964844e+02]
con.TRoo=[2.931499938964844e+02, 2.88117816421401e+02, 2.88096943359375e+02, 2.880879956054687e+02, 2.880841578504774e+02, 2.880919816758898e+02, 2.930420840144158e+02, 2.931162856038412e+02, 2.965709001932019e+02, 2.982835400390625e+02, 2.983028089735243e+02, 2.982571466742622e+02, 2.968677163366858e+02, 2.924362223641256e+02, 2.881362102374387e+02, 2.881075988769531e+02, 2.880923810492621e+02, 2.880745042588975e+02, 2.880613317871094e+02, 2.880499078369141e+02, 2.880424608018663e+02, 2.880351959228516e+02, 2.880292750379774e+02, 2.892749641248915e+02, 2.930048502604167e+02, 2.930201670328776e+02, 2.930189350043403e+02, 2.930165020751953e+02, 2.93012415093316e+02, 2.930021961127387e+02, 2.912887777224817e+02, 2.880211980523003e+02, 2.880067610677083e+02, 2.879993762207031e+02, 2.879966026475694e+02, 2.87995406765408e+02, 2.879967468261719e+02, 2.87996280585395e+02, 2.879920831976996e+02, 2.87988539835612e+02, 2.884348015679253e+02, 2.929753904893663e+02, 2.93014385172526e+02, 2.936661307045697e+02, 2.95313720703125e+02, 2.934501026683258e+02, 2.930781498649719e+02, 2.930158630371094e+02, 2.880214103190104e+02, 2.880002431233724e+02, 2.879928724500868e+02, 2.879877419026693e+02, 2.879793976508246e+02, 2.879743977864583e+02, 2.87974833984375e+02, 2.87974173312717e+02, 2.879746283637153e+02, 2.879940159098308e+02, 2.930411678059896e+02, 2.936396439732867e+02, 2.982252848307292e+02, 2.98254116414388e+02, 2.982324038357205e+02, 2.955428164031096e+02, 2.930562329196165e+02, 2.880418921576606e+02, 2.880122989908854e+02, 2.879993964301215e+02, 2.879983201768663e+02, 2.879983557128906e+02, 2.879994432237413e+02, 2.88029695977105e+02, 2.880338891601563e+02, 2.880338701036241e+02, 2.880585214572483e+02, 2.931290420633278e+02, 2.973344960209387e+02, 2.982664511447483e+02, 2.982907132975261e+02, 2.982725208875868e+02, 2.979337682242345e+02, 2.934321657617604e+02, 2.88309940091949e+02, 2.88100728655165e+02, 2.880819458007812e+02, 2.880738304985894e+02, 2.880707042100694e+02, 2.880666052246094e+02, 2.880776984320747e+02, 2.880737466769748e+02, 2.880703063964844e+02, 2.88081190999349e+02, 2.93134948844648e+02, 2.978965912391247e+02, 2.982948484971788e+02, 2.983261857774523e+02, 2.982991361490886e+02, 2.982133026457038e+02, 2.948428009189606e+02, 2.900370760494379e+02, 2.881231689453125e+02]
time=[0e+00, 5.048e+05]
EHVAC.y=[0e+00, 1.860657213285778e+06, 8.307221484444445e+06, 1.662246270666667e+07, 2.583223798222222e+07, 3.495892928888889e+07, 4.73088494125e+07, 5.635861944888889e+07, 5.834773760130057e+07, 5.93774092e+07, 6.186830657777778e+07, 6.382768537777778e+07, 6.456139238501604e+07, 6.470339970867929e+07, 6.49622797513903e+07, 6.920299146666667e+07, 7.656192967111111e+07, 8.588654407111111e+07, 9.7695664e+07, 1.112276187555556e+08, 1.260907189333333e+08, 1.420469613866667e+08, 1.588984342044444e+08, 1.779592532622222e+08, 2.020335765333333e+08, 2.216017386666667e+08, 2.401704682666667e+08, 2.5909668384e+08, 2.784371524266667e+08, 2.987827682133333e+08, 3.194588822779168e+08, 3.352814432711111e+08, 3.548526021688889e+08, 3.759177474133334e+08, 3.977361685333334e+08, 4.197411786666667e+08, 4.4174038528e+08, 4.636306820266666e+08, 4.859049584355556e+08, 5.087875709866667e+08, 5.322673024e+08, 5.609315694933333e+08, 5.8417154048e+08, 5.927088610176697e+08, 5.927352860444444e+08, 5.929122927743187e+08, 5.977040204053035e+08, 6.130164556799999e+08, 6.273260791466666e+08, 6.475429808355556e+08, 6.695276728888888e+08, 6.923449403733333e+08, 7.160399254755555e+08, 7.408945002666667e+08, 7.6595132672e+08, 7.91037088e+08, 8.161395794488889e+08, 8.405941077333333e+08, 8.644865095111111e+08, 8.727897362757065e+08, 8.729411925333333e+08, 8.737734573511111e+08, 8.746302859377778e+08, 8.749295597125319e+08, 8.818282289215114e+08, 8.926002353777778e+08, 9.106153489066666e+08, 9.313282507377778e+08, 9.529718957511111e+08, 9.746961732266667e+08, 9.963095722666667e+08, 1.016418636088889e+09, 1.03221911808e+09, 1.048842549902222e+09, 1.064772854897778e+09, 1.078513017218543e+09, 1.079155654324075e+09, 1.079840329955555e+09, 1.081712918186667e+09, 1.083745042773333e+09, 1.084741495380471e+09, 1.084892954765292e+09, 1.085537968459144e+09, 1.090442954219049e+09, 1.099162023253333e+09, 1.109543291733333e+09, 1.120635582577778e+09, 1.1322946304e+09, 1.143380637013333e+09, 1.153648713671111e+09, 1.164871936e+09, 1.176121658311111e+09, 1.187682597859904e+09, 1.188242501991411e+09, 1.189610632533333e+09, 1.192971630933333e+09, 1.196497343146667e+09, 1.198343221416258e+09, 1.198624269385392e+09, 1.198756550338681e+09, 1.2003264e+09]
EHea.y=[0e+00, 1.834246395327789e+06, 8.254398968888888e+06, 1.654322993333333e+07, 2.572659416888889e+07, 3.4826876e+07, 4.71503811828125e+07, 5.617374564444444e+07, 5.8136452e+07, 5.8136452e+07, 5.8136452e+07, 5.8136452e+07, 5.8136452e+07, 5.8252048e+07, 5.848451655588627e+07, 6.26988156e+07, 7.003134328888889e+07, 7.932955104000001e+07, 9.111225631999999e+07, 1.046178044266667e+08, 1.194544896e+08, 1.353843141866667e+08, 1.522093895111111e+08, 1.712437883377778e+08, 1.9529170496e+08, 2.148334595555556e+08, 2.3337577472e+08, 2.5227557856e+08, 2.715896382577778e+08, 2.919088367644445e+08, 3.125585582824653e+08, 3.283546856533333e+08, 3.478994433422222e+08, 3.689381723733333e+08, 3.907301876622222e+08, 4.127088007111111e+08, 4.346815936e+08, 4.565454779022222e+08, 4.787933252266667e+08, 5.016495306666667e+08, 5.251028721777778e+08, 5.537406967466667e+08, 5.7695428352e+08, 5.85465216e+08, 5.85465216e+08, 5.856158144875579e+08, 5.903811308099862e+08, 6.056671496533333e+08, 6.199503249066666e+08, 6.401408423822222e+08, 6.620990862222222e+08, 6.848899694933333e+08, 7.085585117866666e+08, 7.3338669696e+08, 7.584171392e+08, 7.834765162666667e+08, 8.085525899377778e+08, 8.329806442666667e+08, 8.568466571377778e+08, 8.6512352e+08, 8.6512352e+08, 8.6512352e+08, 8.6512352e+08, 8.651287425725912e+08, 8.720010169921956e+08, 8.827465735111111e+08, 9.007353028266667e+08, 9.214217597155555e+08, 9.430390172444445e+08, 9.647369105066667e+08, 9.863238613333334e+08, 1.006406540942222e+09, 1.02218063872e+09, 1.038777622328889e+09, 1.054681543111111e+09, 1.068395283496689e+09, 1.06901152e+09, 1.06901152e+09, 1.06901152e+09, 1.06901152e+09, 1.06901152e+09, 1.06902762821432e+09, 1.069646208e+09, 1.074524820163213e+09, 1.083217365333333e+09, 1.0935722496e+09, 1.104638231893333e+09, 1.116270820693333e+09, 1.12733044224e+09, 1.137572134684444e+09, 1.1487688448e+09, 1.159992182897778e+09, 1.171526726505092e+09, 1.17206016e+09, 1.17206016e+09, 1.17206016e+09, 1.17206016e+09, 1.17206016e+09, 1.172073716652713e+09, 1.172179584e+09, 1.17372288e+09]
EPum.y=[0e+00, 0e+00, 0e+00, 0e+00, 0e+00, 0e+00, 0e+00, 0e+00, 0e+00, 2.351573564453125e+04, 5.179223541666667e+04, 8.006874050347222e+04, 1.068539765625e+05, 1.068539765625e+05, 1.068539765625e+05, 1.068539765625e+05, 1.068539765625e+05, 1.068539765625e+05, 1.068539765625e+05, 1.068539765625e+05, 1.068539765625e+05, 1.068539765625e+05, 1.068539765625e+05, 1.068539765625e+05, 1.068539765625e+05, 1.068539765625e+05, 1.068539765625e+05, 1.068539765625e+05, 1.068539765625e+05, 1.068539765625e+05, 1.068539765625e+05, 1.068539765625e+05, 1.068539765625e+05, 1.068539765625e+05, 1.068539765625e+05, 1.068539765625e+05, 1.068539765625e+05, 1.068539765625e+05, 1.068539765625e+05, 1.068539765625e+05, 1.068539765625e+05, 1.068539765625e+05, 1.068539765625e+05, 1.068539765625e+05, 1.068539765625e+05, 1.068539765625e+05, 1.068539765625e+05, 1.068539765625e+05, 1.068539765625e+05, 1.068539765625e+05, 1.068539765625e+05, 1.068539765625e+05, 1.068539765625e+05, 1.068539765625e+05, 1.068539765625e+05, 1.068539765625e+05, 1.068539765625e+05, 1.068539765625e+05, 1.068539765625e+05, 1.068539765625e+05, 1.152574588541667e+05, 1.435339559375e+05, 1.718104609027778e+05, 1.94025140625e+05, 1.94025140625e+05, 1.94025140625e+05, 1.94025140625e+05, 1.94025140625e+05, 1.94025140625e+05, 1.94025140625e+05, 1.94025140625e+05, 1.94025140625e+05, 1.94025140625e+05, 1.94025140625e+05, 1.94025140625e+05, 1.94025140625e+05, 1.94025140625e+05, 2.189444884375e+05, 2.47220994375e+05, 2.754974968055555e+05, 3.037739807449495e+05, 3.1349815625e+05, 3.1349815625e+05, 3.1349815625e+05, 3.1349815625e+05, 3.1349815625e+05, 3.1349815625e+05, 3.1349815625e+05, 3.1349815625e+05, 3.1349815625e+05, 3.1349815625e+05, 3.1349815625e+05, 3.1349815625e+05, 3.1349815625e+05, 3.408858988888889e+05, 3.691624045138889e+05, 3.974388920833333e+05, 4.257154040092648e+05, 4.4163615625e+05, 4.4163615625e+05, 4.4163615625e+05]
ECoo.y=[0e+00, 0e+00, 0e+00, 0e+00, 0e+00, 0e+00, 0e+00, 0e+00, 0e+00, 7.309482017187501e+05, 2.510597738888889e+06, 3.952311817222222e+06, 4.527681e+06, 4.527681e+06, 4.527681e+06, 4.527681e+06, 4.527681e+06, 4.527681e+06, 4.527681e+06, 4.527681e+06, 4.527681e+06, 4.527681e+06, 4.527681e+06, 4.527681e+06, 4.527681e+06, 4.527681e+06, 4.527681e+06, 4.527681e+06, 4.527681e+06, 4.527681e+06, 4.527681e+06, 4.527681e+06, 4.527681e+06, 4.527681e+06, 4.527681e+06, 4.527681e+06, 4.527681e+06, 4.527681e+06, 4.527681e+06, 4.527681e+06, 4.527681e+06, 4.527681e+06, 4.527681e+06, 4.527681e+06, 4.527681e+06, 4.527681e+06, 4.527681e+06, 4.527681e+06, 4.527681e+06, 4.527681e+06, 4.527681e+06, 4.527681e+06, 4.527681e+06, 4.527681e+06, 4.527681e+06, 4.527681e+06, 4.527681e+06, 4.527681e+06, 4.527681e+06, 4.527681e+06, 4.626822e+06, 5.238878818888889e+06, 5.868601771111111e+06, 6.088327e+06, 6.088327e+06, 6.088327e+06, 6.088327e+06, 6.088327e+06, 6.088327e+06, 6.088327e+06, 6.088327e+06, 6.088327e+06, 6.088327e+06, 6.088327e+06, 6.088327e+06, 6.088327e+06, 6.088327e+06, 6.59583535e+06, 7.943905446666666e+06, 9.420342522222223e+06, 1.016714956902357e+07, 1.0262151e+07, 1.0262151e+07, 1.0262151e+07, 1.0262151e+07, 1.0262151e+07, 1.0262151e+07, 1.0262151e+07, 1.0262151e+07, 1.0262151e+07, 1.0262151e+07, 1.0262151e+07, 1.0262151e+07, 1.0262151e+07, 1.127082253333333e+07, 1.366156577777778e+07, 1.618959734666667e+07, 1.757706145414748e+07, 1.778817e+07, 1.778817e+07, 1.778817e+07]
EFan.y=[0e+00, 2.641090284613459e+04, 5.282180579861111e+04, 7.923270755208333e+04, 1.05643613125e+05, 1.320545125e+05, 1.584654204101562e+05, 1.84876326875e+05, 2.112872237137802e+05, 4.86494689375e+05, 1.169465494444445e+06, 1.658855244444445e+06, 1.790407245975155e+06, 1.816818137583605e+06, 1.843229051876909e+06, 1.869639958333333e+06, 1.896050868333333e+06, 1.922461794444444e+06, 1.94887265e+06, 1.975283585833333e+06, 2.001694486111111e+06, 2.0281053975e+06, 2.054516322222222e+06, 2.080927177777778e+06, 2.107338033333333e+06, 2.133748902777778e+06, 2.160159994444444e+06, 2.18657085e+06, 2.212981705555555e+06, 2.239392561111111e+06, 2.26580350073914e+06, 2.292214522222222e+06, 2.318625377777778e+06, 2.345036233333333e+06, 2.371447088888889e+06, 2.397857963888889e+06, 2.42426905e+06, 2.450679905555556e+06, 2.477090761111111e+06, 2.503501616666667e+06, 2.529912472222222e+06, 2.556323450555556e+06, 2.582734433333333e+06, 2.609145192489352e+06, 2.635556144444444e+06, 2.661966994559948e+06, 2.688378072114319e+06, 2.714788961111111e+06, 2.741199816666667e+06, 2.767610672222222e+06, 2.794021527777778e+06, 2.820432511666667e+06, 2.846843488888889e+06, 2.873254344444444e+06, 2.8996652e+06, 2.926076055555556e+06, 2.952486911111111e+06, 2.978897998333334e+06, 3.005308872222222e+06, 3.031719804564788e+06, 3.075639366666667e+06, 3.267557057777778e+06, 3.466371032222222e+06, 3.518466333936823e+06, 3.544877259173958e+06, 3.571288147222222e+06, 3.597699216666667e+06, 3.624110072222222e+06, 3.650520927777778e+06, 3.676931783333333e+06, 3.703342677777778e+06, 3.729753744444444e+06, 3.7561646e+06, 3.782575455555555e+06, 3.808986311111111e+06, 3.835397231788079e+06, 3.861808018025143e+06, 4.014068552777778e+06, 4.510278913333333e+06, 5.037683314444444e+06, 5.259048801346801e+06, 5.289686850877193e+06, 5.316097656777737e+06, 5.342508990210304e+06, 5.368919866666666e+06, 5.395330722222222e+06, 5.421741577777778e+06, 5.448152433333334e+06, 5.474563288888888e+06, 5.500974144444444e+06, 5.527385e+06, 5.553795855555556e+06, 5.580206754728747e+06, 5.606617884833895e+06, 5.938721773333333e+06, 6.880698316666666e+06, 7.850110206666667e+06, 8.280275623594234e+06, 8.320777477896013e+06, 8.34718828332105e+06, 8.3735995e+06]
