last-generated=2019-04-10
statistics-initialization=
{
  "nonlinear": "0, 0, 27, 0, 0, 0, 0, 0, 0, 0, 0, 0, 1, 0, 1, 1, 1",
  "numerical Jacobians": "0"
}
statistics-simulation=
{
  "linear": "24",
  "nonlinear": "0, 0, 7, 0, 1, 0, 1, 1, 1",
  "number of continuous time states": "74",
  "numerical Jacobians": "0"
}
pmpSouth.m_flow=[0e+00, 1.416212763794744e-04, 2.836590689008182e-04, 4.314764501660537e-04, 5.875180395527888e-04, 7.574026522123998e-04, 9.423110083424165e-04, 1.151434545724965e-03, 1.389442727953595e-03, 1.672399158436672e-03, 1.983365783178528e-03, 2.307819960653942e-03, 2.640767839707127e-03, 2.980623121505076e-03, 3.324569511331426e-03, 3.670870369501019e-03, 4.017610015790121e-03, 4.363068684217211e-03, 4.705955532180969e-03, 5.044688361426065e-03, 5.378387655954129e-03, 5.705690699598601e-03, 6.025963340826718e-03, 6.338118098028456e-03, 6.641639302196276e-03, 6.935749089287515e-03, 7.219955075176057e-03, 7.493810103557879e-03, 7.756775232834367e-03, 8.008741694833534e-03, 8.249078650478086e-03, 8.478016473749036e-03, 8.694800127305953e-03, 8.899994427288017e-03, 3.206732067986531e-02, 1.483030244708053e-01, 3.139566398330886e-01, 4.787094333016831e-01, 6.377406649640699e-01, 7.905987572776398e-01, 9.365650247723198e-01, 1.076958933906294e+00, 1.21155245983343e+00, 1.341664993910479e+00, 1.467061066992438e+00, 1.588885694742203e+00, 1.706842500674641e+00, 1.821743303178351e+00, 1.933044515130096e+00, 2.041497421018084e+00, 2.146534515404324e+00, 2.24890276511334e+00, 2.348052042646419e+00, 2.444673030010851e+00, 2.538282434601599e+00, 2.629481548892244e+00, 2.717859770247522e+00, 2.803937185100038e+00, 2.88736588991401e+00, 2.968587082498402e+00, 3.04730896949768e+00, 3.123908602234045e+00, 3.198150855976084e+00, 3.270355232849899e+00, 3.340336032191425e+00, 3.40836123906003e+00, 3.474291526761838e+00, 3.538345777790893e+00, 3.600417293275116e+00, 3.660670389913358e+00, 3.719045305252075e+00, 3.775677711186038e+00, 3.830545308889658e+00, 3.883745831868433e+00, 3.935287894705418e+00, 3.985236625266796e+00, 4.033628907748783e+00, 4.080498526357595e+00, 4.12590815270851e+00, 4.169864199954743e+00, 4.212482166290283e+00, 4.253651743919887e+00, 4.293570201571973e+00, 4.332165314419635e+00, 4.369560072002343e+00, 4.405693904095503e+00, 4.440703787455357e+00, 4.474513182834798e+00, 4.507271131882959e+00, 4.53888572336205e+00, 4.569517946243287e+00, 4.599061610857998e+00, 4.627687380448251e+00, 4.655277565016666e+00, 4.682010612759367e+00, 4.707759331104344e+00, 4.732707489966137e+00, 4.756720088248409e+00, 4.779985801607974e+00, 4.802363367901777e+00, 4.824043750762939e+00]
pmpNorth.m_flow=[0e+00, 1.543322328128778e-04, 3.089978617696919e-04, 4.697483505981863e-04, 6.392249978955816e-04, 8.234071402229642e-04, 1.023552595395174e-03, 1.249448770785155e-03, 1.506109483043595e-03, 1.810637120785773e-03, 2.144597284717875e-03, 2.491952610891337e-03, 2.847326635791609e-03, 3.208728543870623e-03, 3.573175696904976e-03, 3.938554960143336e-03, 4.302883474171027e-03, 4.664123252682115e-03, 5.02098423246675e-03, 5.37164371217551e-03, 5.715267607484412e-03, 6.050342798932089e-03, 6.376305443113572e-03, 6.6920125855237e-03, 6.997031828925875e-03, 7.290620593824353e-03, 7.572375335840492e-03, 7.841963439707137e-03, 8.098938748387021e-03, 8.34336746737563e-03, 8.574715225252097e-03, 8.793428449709942e-03, 8.998851779970977e-03, 9.191783032330817e-03, 3.523079424256609e-02, 1.680493824183932e-01, 3.509765527626216e-01, 5.300840270068543e-01, 7.044895175067386e-01, 8.734115386463173e-01, 1.035876498386857e+00, 1.192810952692809e+00, 1.343690345740477e+00, 1.489661312424164e+00, 1.630235713388009e+00, 1.76653659939766e+00, 1.898059294404992e+00, 2.025864036562469e+00, 2.149430405866485e+00, 2.269748705956244e+00, 2.386280829384129e+00, 2.49989367528061e+00, 2.60999315655878e+00, 2.717330684271419e+00, 2.821362556950537e+00, 2.922733739586395e+00, 3.020976854329871e+00, 3.116657242785376e+00, 3.209380561874051e+00, 3.299637505584506e+00, 3.387101364135742e+00, 3.472192761984169e+00, 3.554647799608497e+00, 3.634823348381237e+00, 3.712510905245709e+00, 3.788009845881355e+00, 3.86116340122421e+00, 3.932216513624916e+00, 4.001047241581159e+00, 4.067837297831784e+00, 4.132520246505737e+00, 4.19524726382835e+00, 4.255993480779143e+00, 4.314869030254385e+00, 4.37188371671149e+00, 4.42711022694466e+00, 4.480590013104412e+00, 4.53236182334756e+00, 4.582495421620584e+00, 4.630998793873764e+00, 4.678001403808594e+00, 4.723380255032865e+00, 4.767355596914922e+00, 4.809848230725411e+00, 4.85099503734683e+00, 4.890729387141389e+00, 4.92920481134805e+00, 4.966335545363797e+00, 5.002288875834858e+00, 5.036962612324321e+00, 5.070536661148071e+00, 5.102893315825308e+00, 5.13422286905014e+00, 5.164395116901001e+00, 5.19360869776216e+00, 5.221722689975693e+00, 5.248942375931624e+00, 5.275117440613228e+00, 5.300458375425705e+00, 5.324808173825092e+00, 5.348380565643311e+00]
time=[0e+00, 1.489999961853027e+01]
